ADC Channel - Charge distribution	Counts - Charge distribution
-495	0
-485	0
-475	0
-465	0
-455	0
-445	0
-435	0
-425	0
-415	0
-405	0
-395	0
-385	0
-375	0
-365	0
-355	0
-345	0
-335	0
-325	0
-315	0
-305	0
-295	0
-285	0
-275	0
-265	0
-255	0
-245	0
-235	0
-225	0
-215	0
-205	0
-195	0
-185	0
-175	0
-165	0
-155	0
-145	0
-135	0
-125	0
-115	0
-105	0
-95	0
-85	0
-75	0
-65	0
-55	0
-45	0
-35	0
-25	0
-15	0
-5	0
5	0
15	0
25	0
35	0
45	0
55	0
65	0
75	0
85	0
95	0
105	0
115	0
125	0
135	0
145	0
155	0
165	0
175	0
185	0
195	0
205	0
215	0
225	0
235	0
245	0
255	0
265	0
275	0
285	0
295	0
305	0
315	0
325	0
335	0
345	0
355	0
365	0
375	0
385	0
395	0
405	0
415	0
425	0
435	0
445	0
455	0
465	0
475	0
485	0
495	0
505	0
515	0
525	0
535	0
545	0
555	0
565	0
575	0
585	0
595	0
605	0
615	0
625	0
635	0
645	0
655	0
665	0
675	0
685	0
695	0
705	0
715	0
725	0
735	0
745	0
755	0
765	0
775	0
785	0
795	0
805	0
815	0
825	0
835	0
845	0
855	0
865	0
875	0
885	0
895	0
905	0
915	0
925	0
935	0
945	0
955	1
965	0
975	0
985	0
995	0
1005	0
1015	0
1025	0
1035	0
1045	0
1055	1
1065	0
1075	0
1085	0
1095	0
1105	0
1115	0
1125	0
1135	1
1145	1
1155	0
1165	1
1175	0
1185	0
1195	0
1205	0
1215	1
1225	0
1235	4
1245	2
1255	2
1265	1
1275	3
1285	3
1295	2
1305	1
1315	3
1325	6
1335	6
1345	7
1355	7
1365	4
1375	7
1385	6
1395	8
1405	7
1415	4
1425	7
1435	12
1445	10
1455	15
1465	15
1475	15
1485	13
1495	10
1505	13
1515	15
1525	13
1535	12
1545	31
1555	21
1565	23
1575	21
1585	26
1595	15
1605	28
1615	28
1625	25
1635	31
1645	36
1655	40
1665	26
1675	38
1685	29
1695	42
1705	34
1715	54
1725	39
1735	57
1745	53
1755	54
1765	46
1775	56
1785	55
1795	52
1805	57
1815	53
1825	52
1835	60
1845	56
1855	59
1865	71
1875	68
1885	61
1895	70
1905	60
1915	70
1925	76
1935	62
1945	74
1955	73
1965	69
1975	73
1985	91
1995	70
2005	89
2015	79
2025	79
2035	78
2045	97
2055	90
2065	67
2075	89
2085	94
2095	92
2105	95
2115	96
2125	106
2135	95
2145	101
2155	95
2165	91
2175	96
2185	104
2195	99
2205	94
2215	97
2225	110
2235	98
2245	120
2255	113
2265	112
2275	107
2285	105
2295	102
2305	124
2315	106
2325	121
2335	101
2345	124
2355	106
2365	116
2375	121
2385	117
2395	111
2405	125
2415	121
2425	144
2435	120
2445	126
2455	120
2465	125
2475	122
2485	112
2495	113
2505	122
2515	114
2525	141
2535	123
2545	143
2555	144
2565	138
2575	124
2585	131
2595	163
2605	132
2615	128
2625	130
2635	130
2645	143
2655	138
2665	132
2675	131
2685	148
2695	134
2705	139
2715	147
2725	152
2735	140
2745	131
2755	129
2765	137
2775	137
2785	135
2795	149
2805	124
2815	145
2825	175
2835	136
2845	148
2855	139
2865	143
2875	142
2885	146
2895	121
2905	168
2915	139
2925	129
2935	152
2945	146
2955	142
2965	150
2975	141
2985	150
2995	142
3005	154
3015	131
3025	152
3035	154
3045	140
3055	146
3065	148
3075	156
3085	153
3095	129
3105	159
3115	153
3125	157
3135	162
3145	157
3155	140
3165	167
3175	165
3185	168
3195	132
3205	175
3215	141
3225	138
3235	155
3245	150
3255	141
3265	145
3275	126
3285	136
3295	145
3305	145
3315	153
3325	135
3335	154
3345	147
3355	163
3365	176
3375	156
3385	150
3395	130
3405	160
3415	149
3425	162
3435	144
3445	147
3455	139
3465	163
3475	130
3485	163
3495	172
3505	128
3515	141
3525	153
3535	165
3545	161
3555	146
3565	140
3575	155
3585	148
3595	143
3605	170
3615	164
3625	148
3635	156
3645	159
3655	144
3665	149
3675	181
3685	143
3695	176
3705	145
3715	186
3725	155
3735	151
3745	147
3755	139
3765	154
3775	154
3785	156
3795	168
3805	160
3815	148
3825	174
3835	166
3845	153
3855	139
3865	144
3875	139
3885	156
3895	161
3905	176
3915	151
3925	167
3935	157
3945	147
3955	181
3965	164
3975	134
3985	154
3995	173
4005	148
4015	140
4025	145
4035	154
4045	141
4055	174
4065	172
4075	178
4085	160
4095	166
4105	174
4115	158
4125	160
4135	164
4145	173
4155	169
4165	172
4175	177
4185	164
4195	147
4205	153
4215	153
4225	168
4235	179
4245	155
4255	143
4265	163
4275	161
4285	168
4295	157
4305	137
4315	177
4325	178
4335	155
4345	162
4355	174
4365	158
4375	161
4385	162
4395	175
4405	153
4415	171
4425	178
4435	185
4445	176
4455	175
4465	177
4475	148
4485	172
4495	179
4505	153
4515	150
4525	181
4535	173
4545	177
4555	172
4565	161
4575	170
4585	174
4595	165
4605	183
4615	191
4625	152
4635	213
4645	196
4655	177
4665	150
4675	180
4685	170
4695	193
4705	162
4715	209
4725	173
4735	181
4745	192
4755	200
4765	206
4775	185
4785	170
4795	171
4805	194
4815	196
4825	178
4835	155
4845	195
4855	189
4865	198
4875	189
4885	208
4895	190
4905	175
4915	189
4925	185
4935	189
4945	199
4955	224
4965	211
4975	206
4985	184
4995	194
5005	201
5015	205
5025	199
5035	191
5045	205
5055	196
5065	202
5075	207
5085	184
5095	202
5105	210
5115	197
5125	166
5135	208
5145	213
5155	190
5165	209
5175	196
5185	206
5195	191
5205	196
5215	224
5225	189
5235	192
5245	208
5255	192
5265	198
5275	196
5285	212
5295	188
5305	173
5315	167
5325	185
5335	199
5345	176
5355	197
5365	195
5375	202
5385	207
5395	199
5405	212
5415	201
5425	178
5435	175
5445	167
5455	202
5465	190
5475	193
5485	193
5495	184
5505	181
5515	186
5525	201
5535	198
5545	158
5555	180
5565	168
5575	184
5585	172
5595	195
5605	178
5615	158
5625	170
5635	178
5645	159
5655	167
5665	170
5675	177
5685	195
5695	161
5705	167
5715	177
5725	174
5735	183
5745	175
5755	167
5765	172
5775	158
5785	151
5795	191
5805	196
5815	161
5825	158
5835	182
5845	152
5855	158
5865	179
5875	156
5885	157
5895	191
5905	145
5915	161
5925	185
5935	179
5945	171
5955	151
5965	162
5975	145
5985	155
5995	158
6005	168
6015	155
6025	148
6035	154
6045	149
6055	164
6065	176
6075	137
6085	163
6095	142
6105	148
6115	142
6125	148
6135	159
6145	142
6155	130
6165	161
6175	167
6185	138
6195	135
6205	148
6215	151
6225	160
6235	158
6245	156
6255	158
6265	153
6275	171
6285	148
6295	161
6305	148
6315	155
6325	136
6335	159
6345	152
6355	168
6365	157
6375	140
6385	152
6395	164
6405	158
6415	157
6425	169
6435	124
6445	150
6455	154
6465	129
6475	130
6485	160
6495	161
6505	169
6515	152
6525	130
6535	145
6545	153
6555	145
6565	122
6575	137
6585	142
6595	118
6605	160
6615	144
6625	148
6635	151
6645	137
6655	176
6665	144
6675	128
6685	157
6695	127
6705	156
6715	134
6725	136
6735	141
6745	140
6755	144
6765	142
6775	154
6785	126
6795	140
6805	128
6815	161
6825	128
6835	150
6845	151
6855	126
6865	117
6875	124
6885	149
6895	143
6905	122
6915	136
6925	115
6935	153
6945	177
6955	127
6965	130
6975	143
6985	151
6995	137
7005	132
7015	119
7025	131
7035	118
7045	137
7055	146
7065	131
7075	123
7085	132
7095	131
7105	127
7115	120
7125	133
7135	137
7145	136
7155	153
7165	142
7175	158
7185	141
7195	160
7205	117
7215	139
7225	164
7235	133
7245	121
7255	128
7265	126
7275	159
7285	141
7295	125
7305	125
7315	145
7325	131
7335	137
7345	148
7355	123
7365	142
7375	142
7385	140
7395	130
7405	127
7415	123
7425	141
7435	130
7445	127
7455	156
7465	107
7475	134
7485	134
7495	125
7505	119
7515	151
7525	140
7535	123
7545	149
7555	139
7565	143
7575	120
7585	128
7595	119
7605	126
7615	119
7625	132
7635	141
7645	118
7655	127
7665	129
7675	137
7685	137
7695	107
7705	136
7715	155
7725	117
7735	114
7745	152
7755	127
7765	147
7775	134
7785	119
7795	131
7805	116
7815	137
7825	134
7835	130
7845	149
7855	112
7865	141
7875	120
7885	101
7895	139
7905	137
7915	122
7925	144
7935	110
7945	108
7955	137
7965	129
7975	128
7985	103
7995	156
8005	130
8015	128
8025	130
8035	118
8045	134
8055	109
8065	141
8075	109
8085	119
8095	120
8105	147
8115	118
8125	139
8135	112
8145	128
8155	123
8165	123
8175	130
8185	135
8195	118
8205	113
8215	120
8225	122
8235	130
8245	147
8255	112
8265	130
8275	128
8285	109
8295	124
8305	118
8315	121
8325	135
8335	132
8345	134
8355	117
8365	134
8375	124
8385	112
8395	146
8405	125
8415	120
8425	133
8435	119
8445	130
8455	109
8465	122
8475	128
8485	120
8495	139
8505	150
8515	109
8525	136
8535	124
8545	107
8555	116
8565	111
8575	128
8585	126
8595	121
8605	135
8615	120
8625	118
8635	132
8645	135
8655	127
8665	101
8675	127
8685	133
8695	143
8705	127
8715	136
8725	136
8735	144
8745	118
8755	114
8765	135
8775	118
8785	142
8795	147
8805	114
8815	133
8825	119
8835	128
8845	108
8855	131
8865	132
8875	132
8885	150
8895	111
8905	119
8915	154
8925	118
8935	134
8945	108
8955	111
8965	149
8975	130
8985	133
8995	117
9005	123
9015	135
9025	125
9035	121
9045	121
9055	124
9065	136
9075	117
9085	139
9095	122
9105	117
9115	121
9125	128
9135	126
9145	127
9155	129
9165	128
9175	130
9185	115
9195	136
9205	143
9215	136
9225	145
9235	139
9245	155
9255	130
9265	111
9275	130
9285	125
9295	119
9305	117
9315	134
9325	121
9335	117
9345	121
9355	128
9365	113
9375	132
9385	136
9395	135
9405	153
9415	139
9425	120
9435	126
9445	149
9455	120
9465	125
9475	137
9485	115
9495	120
9505	123
9515	128
9525	138
9535	130
9545	97
9555	135
9565	123
9575	126
9585	126
9595	114
9605	138
9615	127
9625	127
9635	116
9645	127
9655	122
9665	126
9675	130
9685	136
9695	113
9705	136
9715	124
9725	131
9735	117
9745	127
9755	107
9765	118
9775	131
9785	118
9795	124
9805	125
9815	131
9825	120
9835	152
9845	127
9855	133
9865	124
9875	114
9885	120
9895	129
9905	117
9915	111
9925	122
9935	90
9945	110
9955	114
9965	90
9975	106
9985	124
9995	127
10005	113
10015	111
10025	113
10035	101
10045	99
10055	123
10065	121
10075	118
10085	129
10095	126
10105	118
10115	111
10125	118
10135	121
10145	123
10155	138
10165	106
10175	126
10185	134
10195	123
10205	110
10215	100
10225	109
10235	103
10245	105
10255	105
10265	98
10275	101
10285	113
10295	105
10305	122
10315	89
10325	123
10335	101
10345	115
10355	104
10365	113
10375	123
10385	98
10395	109
10405	105
10415	98
10425	112
10435	105
10445	117
10455	99
10465	125
10475	127
10485	125
10495	119
10505	97
10515	110
10525	105
10535	120
10545	94
10555	113
10565	94
10575	99
10585	116
10595	84
10605	98
10615	102
10625	100
10635	117
10645	105
10655	91
10665	102
10675	113
10685	135
10695	106
10705	88
10715	90
10725	95
10735	98
10745	108
10755	100
10765	103
10775	118
10785	103
10795	96
10805	110
10815	100
10825	86
10835	103
10845	111
10855	100
10865	103
10875	95
10885	88
10895	98
10905	81
10915	99
10925	104
10935	96
10945	122
10955	70
10965	75
10975	92
10985	108
10995	76
11005	97
11015	96
11025	79
11035	65
11045	89
11055	84
11065	87
11075	68
11085	76
11095	81
11105	78
11115	90
11125	85
11135	75
11145	83
11155	82
11165	82
11175	91
11185	76
11195	76
11205	89
11215	65
11225	80
11235	81
11245	76
11255	85
11265	82
11275	80
11285	61
11295	69
11305	80
11315	69
11325	77
11335	70
11345	72
11355	73
11365	61
11375	58
11385	76
11395	65
11405	74
11415	64
11425	67
11435	75
11445	85
11455	54
11465	63
11475	55
11485	60
11495	51
11505	68
11515	72
11525	74
11535	73
11545	46
11555	67
11565	46
11575	70
11585	52
11595	54
11605	56
11615	61
11625	59
11635	72
11645	71
11655	52
11665	71
11675	54
11685	55
11695	58
11705	48
11715	47
11725	43
11735	54
11745	43
11755	62
11765	47
11775	47
11785	47
11795	37
11805	64
11815	54
11825	61
11835	57
11845	53
11855	37
11865	58
11875	42
11885	45
11895	42
11905	46
11915	48
11925	49
11935	44
11945	48
11955	35
11965	38
11975	38
11985	36
11995	48
12005	38
12015	49
12025	44
12035	32
12045	40
12055	42
12065	35
12075	35
12085	40
12095	39
12105	35
12115	33
12125	36
12135	51
12145	46
12155	33
12165	37
12175	50
12185	31
12195	41
12205	32
12215	33
12225	40
12235	52
12245	30
12255	38
12265	37
12275	38
12285	33
12295	48
12305	38
12315	34
12325	35
12335	43
12345	33
12355	40
12365	34
12375	35
12385	35
12395	31
12405	38
12415	35
12425	31
12435	43
12445	45
12455	30
12465	33
12475	40
12485	34
12495	35
12505	34
12515	40
12525	33
12535	40
12545	47
12555	45
12565	44
12575	38
12585	44
12595	36
12605	22
12615	34
12625	39
12635	40
12645	32
12655	36
12665	43
12675	40
12685	34
12695	42
12705	48
12715	39
12725	24
12735	26
12745	26
12755	44
12765	43
12775	30
12785	37
12795	27
12805	36
12815	39
12825	42
12835	54
12845	43
12855	40
12865	43
12875	42
12885	33
12895	31
12905	46
12915	35
12925	34
12935	34
12945	38
12955	39
12965	32
12975	25
12985	43
12995	39
13005	40
13015	52
13025	43
13035	35
13045	33
13055	47
13065	45
13075	50
13085	35
13095	39
13105	48
13115	43
13125	41
13135	44
13145	37
13155	67
13165	50
13175	45
13185	55
13195	53
13205	48
13215	44
13225	34
13235	59
13245	42
13255	52
13265	54
13275	57
13285	56
13295	45
13305	53
13315	43
13325	43
13335	37
13345	40
13355	41
13365	51
13375	55
13385	48
13395	54
13405	55
13415	62
13425	49
13435	49
13445	62
13455	52
13465	42
13475	42
13485	58
13495	55
13505	53
13515	49
13525	72
13535	49
13545	51
13555	51
13565	57
13575	54
13585	59
13595	37
13605	47
13615	50
13625	44
13635	55
13645	58
13655	67
13665	61
13675	53
13685	53
13695	65
13705	71
13715	59
13725	66
13735	61
13745	61
13755	60
13765	70
13775	69
13785	69
13795	57
13805	73
13815	72
13825	66
13835	50
13845	74
13855	69
13865	63
13875	65
13885	73
13895	53
13905	81
13915	75
13925	73
13935	70
13945	52
13955	71
13965	78
13975	76
13985	63
13995	71
14005	71
14015	81
14025	71
14035	75
14045	78
14055	67
14065	94
14075	101
14085	78
14095	71
14105	82
14115	69
14125	65
14135	97
14145	81
14155	80
14165	80
14175	85
14185	84
14195	86
14205	81
14215	95
14225	84
14235	89
14245	77
14255	90
14265	99
14275	85
14285	77
14295	92
14305	88
14315	86
14325	89
14335	100
14345	85
14355	109
14365	84
14375	97
14385	88
14395	80
14405	79
14415	104
14425	102
14435	94
14445	76
14455	111
14465	115
14475	90
14485	100
14495	91
14505	103
14515	89
14525	109
14535	116
14545	103
14555	106
14565	96
14575	103
14585	100
14595	109
14605	87
14615	106
14625	96
14635	114
14645	96
14655	96
14665	115
14675	106
14685	124
14695	121
14705	89
14715	131
14725	114
14735	95
14745	105
14755	120
14765	107
14775	108
14785	97
14795	116
14805	88
14815	115
14825	117
14835	129
14845	107
14855	116
14865	108
14875	137
14885	112
14895	127
14905	128
14915	104
14925	132
14935	134
14945	138
14955	115
14965	140
14975	122
14985	127
14995	95
15005	116
15015	110
15025	114
15035	122
15045	112
15055	114
15065	128
15075	117
15085	128
15095	106
15105	130
15115	125
15125	140
15135	124
15145	124
15155	106
15165	133
15175	105
15185	141
15195	135
15205	122
15215	139
15225	127
15235	114
15245	122
15255	124
15265	118
15275	110
15285	123
15295	120
15305	135
15315	122
15325	132
15335	128
15345	109
15355	110
15365	120
15375	110
15385	97
15395	122
15405	147
15415	122
15425	123
15435	124
15445	118
15455	114
15465	111
15475	134
15485	102
15495	115
15505	120
15515	122
15525	113
15535	122
15545	107
15555	101
15565	112
15575	97
15585	115
15595	121
15605	107
15615	94
15625	102
15635	121
15645	120
15655	92
15665	103
15675	92
15685	101
15695	97
15705	92
15715	99
15725	99
15735	113
15745	103
15755	91
15765	82
15775	89
15785	82
15795	82
15805	100
15815	104
15825	95
15835	100
15845	99
15855	75
15865	86
15875	76
15885	77
15895	84
15905	92
15915	77
15925	68
15935	71
15945	71
15955	73
15965	83
15975	83
15985	72
15995	57
16005	69
16015	64
16025	84
16035	60
16045	76
16055	83
16065	62
16075	63
16085	72
16095	58
16105	50
16115	62
16125	67
16135	63
16145	58
16155	59
16165	57
16175	65
16185	56
16195	51
16205	51
16215	42
16225	59
16235	47
16245	55
16255	42
16265	32
16275	43
16285	33
16295	47
16305	35
16315	47
16325	41
16335	26
16345	43
16355	33
16365	37
16375	33
16385	45
16395	26
16405	36
16415	31
16425	28
16435	28
16445	31
16455	29
16465	30
16475	26
16485	25
16495	25
16505	32
16515	25
16525	25
16535	24
16545	17
16555	18
16565	33
16575	16
16585	17
16595	16
16605	15
16615	17
16625	16
16635	20
16645	17
16655	24
16665	18
16675	18
16685	18
16695	20
16705	20
16715	13
16725	17
16735	8
16745	8
16755	8
16765	15
16775	9
16785	9
16795	11
16805	10
16815	11
16825	9
16835	4
16845	9
16855	8
16865	3
16875	8
16885	8
16895	8
16905	5
16915	9
16925	2
16935	4
16945	5
16955	4
16965	6
16975	4
16985	5
16995	3
17005	2
17015	1
17025	5
17035	2
17045	2
17055	8
17065	4
17075	5
17085	4
17095	8
17105	5
17115	4
17125	1
17135	1
17145	4
17155	2
17165	1
17175	0
17185	5
17195	1
17205	0
17215	1
17225	4
17235	3
17245	1
17255	3
17265	4
17275	1
17285	1
17295	0
17305	3
17315	2
17325	1
17335	3
17345	0
17355	1
17365	1
17375	1
17385	0
17395	2
17405	1
17415	3
17425	3
17435	1
17445	1
17455	1
17465	1
17475	0
17485	2
17495	0
17505	1
17515	0
17525	0
17535	1
17545	3
17555	5
17565	1
17575	1
17585	1
17595	1
17605	1
17615	1
17625	1
17635	0
17645	3
17655	0
17665	1
17675	1
17685	0
17695	1
17705	0
17715	0
17725	0
17735	1
17745	1
17755	2
17765	1
17775	0
17785	0
17795	1
17805	0
17815	1
17825	1
17835	2
17845	1
17855	1
17865	1
17875	1
17885	0
17895	0
17905	0
17915	0
17925	0
17935	0
17945	0
17955	0
17965	0
17975	1
17985	0
17995	1
18005	0
18015	0
18025	0
18035	0
18045	1
18055	0
18065	0
18075	0
18085	1
18095	0
18105	0
18115	0
18125	0
18135	1
18145	0
18155	2
18165	0
18175	0
18185	1
18195	0
18205	0
18215	0
18225	0
18235	0
18245	0
18255	2
18265	1
18275	0
18285	1
18295	0
18305	0
18315	0
18325	0
18335	0
18345	2
18355	0
18365	0
18375	0
18385	0
18395	1
18405	0
18415	0
18425	1
18435	0
18445	0
18455	0
18465	0
18475	1
18485	0
18495	0
18505	0
18515	0
18525	0
18535	0
18545	0
18555	2
18565	0
18575	0
18585	0
18595	0
18605	0
18615	1
18625	0
18635	1
18645	0
18655	1
18665	0
18675	0
18685	1
18695	0
18705	0
18715	0
18725	2
18735	0
18745	0
18755	0
18765	0
18775	0
18785	0
18795	0
18805	0
18815	0
18825	1
18835	1
18845	0
18855	0
18865	0
18875	1
18885	0
18895	1
18905	0
18915	0
18925	0
18935	0
18945	0
18955	0
18965	0
18975	0
18985	0
18995	0
19005	1
19015	0
19025	0
19035	1
19045	0
19055	0
19065	1
19075	0
19085	0
19095	1
19105	0
19115	0
19125	0
19135	0
19145	2
19155	0
19165	0
19175	0
19185	0
19195	0
19205	1
19215	0
19225	0
19235	1
19245	0
19255	0
19265	0
19275	0
19285	0
19295	0
19305	0
19315	0
19325	0
19335	0
19345	1
19355	0
19365	0
19375	0
19385	1
19395	0
19405	0
19415	0
19425	0
19435	0
19445	0
19455	0
19465	0
19475	0
19485	0
19495	0
