ADC Channel - Charge distribution	Counts - Charge distribution
-495	0
-485	0
-475	0
-465	0
-455	0
-445	0
-435	0
-425	0
-415	0
-405	0
-395	0
-385	0
-375	0
-365	0
-355	0
-345	0
-335	0
-325	0
-315	0
-305	0
-295	0
-285	0
-275	0
-265	0
-255	0
-245	0
-235	0
-225	0
-215	0
-205	0
-195	0
-185	0
-175	0
-165	0
-155	0
-145	0
-135	0
-125	0
-115	0
-105	0
-95	0
-85	0
-75	0
-65	0
-55	0
-45	0
-35	0
-25	0
-15	0
-5	0
5	0
15	0
25	0
35	0
45	0
55	0
65	0
75	0
85	0
95	0
105	0
115	0
125	0
135	0
145	0
155	0
165	0
175	0
185	0
195	0
205	0
215	0
225	0
235	0
245	0
255	0
265	0
275	0
285	0
295	0
305	0
315	0
325	0
335	0
345	0
355	0
365	0
375	0
385	0
395	0
405	0
415	0
425	0
435	0
445	0
455	0
465	0
475	0
485	0
495	0
505	0
515	0
525	0
535	0
545	0
555	0
565	0
575	0
585	0
595	0
605	0
615	0
625	0
635	0
645	0
655	0
665	0
675	0
685	0
695	0
705	0
715	0
725	0
735	0
745	0
755	0
765	0
775	0
785	0
795	0
805	0
815	0
825	0
835	0
845	0
855	0
865	0
875	0
885	0
895	0
905	0
915	0
925	0
935	0
945	0
955	0
965	0
975	0
985	0
995	0
1005	0
1015	0
1025	0
1035	0
1045	0
1055	0
1065	0
1075	0
1085	0
1095	0
1105	0
1115	0
1125	0
1135	0
1145	0
1155	0
1165	0
1175	0
1185	0
1195	0
1205	0
1215	0
1225	0
1235	0
1245	0
1255	0
1265	0
1275	0
1285	0
1295	0
1305	0
1315	0
1325	0
1335	0
1345	0
1355	0
1365	0
1375	0
1385	0
1395	0
1405	0
1415	0
1425	0
1435	0
1445	0
1455	0
1465	0
1475	0
1485	0
1495	0
1505	0
1515	0
1525	0
1535	0
1545	0
1555	0
1565	0
1575	0
1585	0
1595	0
1605	0
1615	0
1625	0
1635	0
1645	0
1655	0
1665	0
1675	0
1685	0
1695	0
1705	0
1715	0
1725	0
1735	0
1745	0
1755	0
1765	0
1775	0
1785	0
1795	0
1805	0
1815	0
1825	0
1835	0
1845	0
1855	0
1865	0
1875	0
1885	0
1895	0
1905	0
1915	0
1925	0
1935	0
1945	0
1955	0
1965	0
1975	0
1985	0
1995	0
2005	0
2015	0
2025	0
2035	0
2045	0
2055	0
2065	0
2075	0
2085	0
2095	0
2105	0
2115	0
2125	0
2135	0
2145	0
2155	0
2165	0
2175	0
2185	0
2195	0
2205	0
2215	0
2225	0
2235	0
2245	0
2255	0
2265	0
2275	0
2285	0
2295	0
2305	0
2315	0
2325	1
2335	0
2345	0
2355	0
2365	0
2375	0
2385	0
2395	0
2405	0
2415	0
2425	1
2435	0
2445	0
2455	0
2465	0
2475	0
2485	1
2495	0
2505	0
2515	0
2525	0
2535	0
2545	1
2555	0
2565	1
2575	1
2585	0
2595	0
2605	1
2615	0
2625	2
2635	1
2645	1
2655	0
2665	0
2675	1
2685	3
2695	1
2705	2
2715	0
2725	0
2735	1
2745	1
2755	1
2765	0
2775	0
2785	1
2795	1
2805	1
2815	0
2825	1
2835	2
2845	0
2855	1
2865	1
2875	1
2885	2
2895	0
2905	0
2915	0
2925	2
2935	2
2945	1
2955	3
2965	4
2975	1
2985	2
2995	0
3005	1
3015	3
3025	1
3035	4
3045	2
3055	2
3065	2
3075	0
3085	3
3095	2
3105	0
3115	6
3125	3
3135	4
3145	0
3155	2
3165	3
3175	2
3185	1
3195	1
3205	5
3215	2
3225	4
3235	2
3245	3
3255	5
3265	0
3275	0
3285	1
3295	4
3305	3
3315	3
3325	3
3335	2
3345	2
3355	9
3365	4
3375	5
3385	8
3395	4
3405	2
3415	7
3425	2
3435	3
3445	4
3455	7
3465	5
3475	3
3485	2
3495	1
3505	2
3515	5
3525	3
3535	3
3545	4
3555	6
3565	7
3575	2
3585	4
3595	9
3605	4
3615	6
3625	5
3635	5
3645	1
3655	7
3665	5
3675	10
3685	6
3695	6
3705	4
3715	4
3725	5
3735	8
3745	2
3755	3
3765	7
3775	4
3785	4
3795	4
3805	3
3815	6
3825	3
3835	7
3845	5
3855	1
3865	6
3875	3
3885	6
3895	7
3905	4
3915	3
3925	5
3935	6
3945	6
3955	3
3965	2
3975	7
3985	6
3995	5
4005	4
4015	7
4025	9
4035	4
4045	7
4055	3
4065	7
4075	5
4085	5
4095	4
4105	5
4115	4
4125	6
4135	2
4145	6
4155	5
4165	5
4175	7
4185	9
4195	2
4205	8
4215	5
4225	4
4235	5
4245	3
4255	2
4265	2
4275	2
4285	5
4295	5
4305	7
4315	14
4325	2
4335	11
4345	7
4355	2
4365	6
4375	9
4385	5
4395	6
4405	11
4415	6
4425	2
4435	5
4445	2
4455	4
4465	4
4475	3
4485	4
4495	7
4505	3
4515	5
4525	6
4535	5
4545	5
4555	4
4565	8
4575	4
4585	8
4595	10
4605	3
4615	4
4625	11
4635	4
4645	4
4655	5
4665	8
4675	6
4685	7
4695	6
4705	4
4715	7
4725	10
4735	6
4745	7
4755	4
4765	7
4775	5
4785	6
4795	3
4805	6
4815	1
4825	2
4835	6
4845	9
4855	4
4865	6
4875	5
4885	7
4895	11
4905	5
4915	4
4925	5
4935	13
4945	7
4955	6
4965	5
4975	9
4985	5
4995	8
5005	11
5015	4
5025	7
5035	5
5045	8
5055	7
5065	4
5075	6
5085	4
5095	5
5105	8
5115	7
5125	8
5135	8
5145	8
5155	10
5165	8
5175	5
5185	6
5195	6
5205	8
5215	9
5225	3
5235	3
5245	7
5255	5
5265	5
5275	10
5285	5
5295	5
5305	6
5315	6
5325	11
5335	6
5345	7
5355	5
5365	3
5375	12
5385	8
5395	4
5405	10
5415	9
5425	3
5435	4
5445	12
5455	12
5465	7
5475	10
5485	6
5495	8
5505	7
5515	5
5525	5
5535	8
5545	12
5555	8
5565	5
5575	8
5585	8
5595	10
5605	7
5615	13
5625	15
5635	14
5645	7
5655	10
5665	10
5675	14
5685	10
5695	9
5705	11
5715	10
5725	9
5735	8
5745	5
5755	13
5765	8
5775	6
5785	10
5795	15
5805	9
5815	4
5825	7
5835	6
5845	14
5855	12
5865	9
5875	7
5885	13
5895	6
5905	9
5915	9
5925	9
5935	10
5945	13
5955	9
5965	13
5975	8
5985	10
5995	9
6005	9
6015	12
6025	16
6035	9
6045	9
6055	8
6065	10
6075	9
6085	8
6095	11
6105	8
6115	8
6125	12
6135	17
6145	11
6155	11
6165	4
6175	6
6185	9
6195	4
6205	10
6215	7
6225	6
6235	11
6245	10
6255	7
6265	10
6275	6
6285	4
6295	4
6305	12
6315	2
6325	8
6335	11
6345	9
6355	6
6365	9
6375	5
6385	6
6395	8
6405	11
6415	4
6425	9
6435	3
6445	6
6455	9
6465	6
6475	7
6485	9
6495	12
6505	10
6515	10
6525	11
6535	7
6545	6
6555	6
6565	7
6575	9
6585	7
6595	5
6605	9
6615	9
6625	4
6635	7
6645	5
6655	7
6665	10
6675	6
6685	6
6695	7
6705	2
6715	6
6725	5
6735	11
6745	6
6755	8
6765	6
6775	7
6785	3
6795	5
6805	4
6815	10
6825	2
6835	6
6845	13
6855	7
6865	5
6875	7
6885	1
6895	3
6905	10
6915	6
6925	6
6935	11
6945	7
6955	5
6965	8
6975	4
6985	13
6995	7
7005	7
7015	8
7025	4
7035	9
7045	9
7055	8
7065	5
7075	6
7085	8
7095	10
7105	6
7115	5
7125	3
7135	6
7145	6
7155	7
7165	10
7175	9
7185	5
7195	7
7205	8
7215	9
7225	6
7235	8
7245	6
7255	4
7265	5
7275	8
7285	5
7295	4
7305	4
7315	3
7325	6
7335	10
7345	9
7355	6
7365	6
7375	11
7385	5
7395	2
7405	5
7415	2
7425	7
7435	6
7445	5
7455	2
7465	5
7475	2
7485	6
7495	5
7505	7
7515	7
7525	8
7535	9
7545	4
7555	7
7565	5
7575	6
7585	5
7595	9
7605	5
7615	6
7625	6
7635	3
7645	4
7655	5
7665	8
7675	7
7685	6
7695	8
7705	4
7715	4
7725	4
7735	6
7745	9
7755	12
7765	8
7775	6
7785	9
7795	4
7805	3
7815	7
7825	7
7835	2
7845	9
7855	7
7865	4
7875	9
7885	5
7895	2
7905	5
7915	2
7925	6
7935	4
7945	4
7955	7
7965	2
7975	7
7985	6
7995	8
8005	6
8015	2
8025	5
8035	3
8045	2
8055	0
8065	2
8075	4
8085	3
8095	3
8105	5
8115	3
8125	5
8135	3
8145	9
8155	4
8165	6
8175	5
8185	4
8195	7
8205	4
8215	2
8225	6
8235	5
8245	3
8255	2
8265	3
8275	4
8285	4
8295	3
8305	7
8315	1
8325	7
8335	3
8345	2
8355	4
8365	1
8375	5
8385	7
8395	7
8405	5
8415	2
8425	2
8435	5
8445	3
8455	8
8465	3
8475	6
8485	3
8495	7
8505	1
8515	6
8525	5
8535	6
8545	3
8555	3
8565	4
8575	5
8585	6
8595	2
8605	2
8615	3
8625	7
8635	8
8645	4
8655	5
8665	5
8675	4
8685	7
8695	3
8705	6
8715	2
8725	7
8735	7
8745	5
8755	2
8765	4
8775	6
8785	4
8795	10
8805	3
8815	5
8825	7
8835	7
8845	4
8855	6
8865	4
8875	6
8885	4
8895	5
8905	2
8915	4
8925	7
8935	3
8945	5
8955	2
8965	3
8975	7
8985	6
8995	6
9005	6
9015	3
9025	7
9035	5
9045	5
9055	5
9065	9
9075	3
9085	3
9095	3
9105	4
9115	5
9125	7
9135	2
9145	5
9155	5
9165	6
9175	0
9185	8
9195	4
9205	1
9215	3
9225	3
9235	3
9245	3
9255	2
9265	2
9275	4
9285	3
9295	6
9305	4
9315	4
9325	5
9335	5
9345	2
9355	4
9365	5
9375	6
9385	0
9395	3
9405	3
9415	5
9425	4
9435	4
9445	3
9455	6
9465	1
9475	4
9485	5
9495	1
9505	3
9515	3
9525	1
9535	3
9545	2
9555	3
9565	4
9575	4
9585	1
9595	1
9605	1
9615	3
9625	3
9635	3
9645	1
9655	4
9665	5
9675	2
9685	1
9695	3
9705	5
9715	2
9725	3
9735	2
9745	3
9755	2
9765	2
9775	1
9785	3
9795	4
9805	1
9815	1
9825	2
9835	1
9845	2
9855	4
9865	3
9875	1
9885	3
9895	0
9905	3
9915	3
9925	2
9935	1
9945	2
9955	0
9965	2
9975	2
9985	2
9995	2
10005	6
10015	1
10025	3
10035	3
10045	0
10055	2
10065	2
10075	1
10085	1
10095	0
10105	0
10115	0
10125	3
10135	0
10145	1
10155	2
10165	1
10175	2
10185	3
10195	1
10205	1
10215	2
10225	1
10235	0
10245	1
10255	1
10265	1
10275	2
10285	1
10295	2
10305	1
10315	1
10325	2
10335	4
10345	1
10355	1
10365	1
10375	1
10385	1
10395	1
10405	1
10415	1
10425	4
10435	0
10445	2
10455	1
10465	5
10475	1
10485	1
10495	2
10505	1
10515	0
10525	3
10535	0
10545	2
10555	1
10565	2
10575	0
10585	3
10595	1
10605	2
10615	0
10625	3
10635	2
10645	0
10655	3
10665	0
10675	0
10685	2
10695	0
10705	1
10715	2
10725	0
10735	1
10745	3
10755	1
10765	1
10775	1
10785	3
10795	1
10805	1
10815	1
10825	1
10835	2
10845	1
10855	1
10865	1
10875	0
10885	1
10895	1
10905	0
10915	2
10925	1
10935	0
10945	0
10955	0
10965	0
10975	0
10985	1
10995	1
11005	0
11015	1
11025	0
11035	1
11045	0
11055	3
11065	0
11075	1
11085	1
11095	0
11105	0
11115	0
11125	3
11135	1
11145	2
11155	0
11165	2
11175	1
11185	1
11195	1
11205	0
11215	2
11225	0
11235	1
11245	2
11255	0
11265	1
11275	2
11285	2
11295	0
11305	1
11315	0
11325	0
11335	2
11345	1
11355	1
11365	0
11375	0
11385	3
11395	2
11405	1
11415	1
11425	1
11435	1
11445	1
11455	1
11465	1
11475	0
11485	1
11495	1
11505	0
11515	1
11525	0
11535	1
11545	1
11555	0
11565	3
11575	1
11585	0
11595	0
11605	2
11615	1
11625	0
11635	0
11645	1
11655	0
11665	1
11675	2
11685	2
11695	0
11705	0
11715	1
11725	0
11735	0
11745	1
11755	0
11765	3
11775	2
11785	1
11795	0
11805	0
11815	1
11825	0
11835	4
11845	1
11855	2
11865	1
11875	1
11885	0
11895	0
11905	2
11915	2
11925	0
11935	1
11945	0
11955	0
11965	1
11975	0
11985	0
11995	2
12005	0
12015	0
12025	1
12035	0
12045	0
12055	0
12065	0
12075	1
12085	0
12095	2
12105	1
12115	0
12125	0
12135	2
12145	1
12155	0
12165	2
12175	0
12185	1
12195	1
12205	0
12215	0
12225	0
12235	1
12245	2
12255	2
12265	3
12275	0
12285	1
12295	2
12305	0
12315	0
12325	1
12335	1
12345	1
12355	1
12365	1
12375	1
12385	2
12395	1
12405	0
12415	0
12425	0
12435	0
12445	1
12455	1
12465	1
12475	3
12485	3
12495	1
12505	1
12515	1
12525	1
12535	2
12545	2
12555	2
12565	3
12575	0
12585	1
12595	1
12605	3
12615	4
12625	0
12635	0
12645	2
12655	2
12665	1
12675	2
12685	4
12695	1
12705	1
12715	3
12725	0
12735	0
12745	0
12755	3
12765	3
12775	0
12785	1
12795	3
12805	2
12815	1
12825	2
12835	1
12845	5
12855	1
12865	0
12875	1
12885	1
12895	4
12905	3
12915	1
12925	5
12935	1
12945	2
12955	4
12965	4
12975	4
12985	2
12995	1
13005	1
13015	3
13025	1
13035	5
13045	4
13055	0
13065	1
13075	4
13085	4
13095	3
13105	2
13115	2
13125	2
13135	6
13145	0
13155	5
13165	2
13175	4
13185	7
13195	3
13205	5
13215	6
13225	6
13235	5
13245	8
13255	4
13265	4
13275	9
13285	7
13295	3
13305	4
13315	6
13325	7
13335	5
13345	4
13355	6
13365	8
13375	5
13385	7
13395	3
13405	9
13415	5
13425	1
13435	8
13445	4
13455	5
13465	5
13475	11
13485	5
13495	8
13505	6
13515	4
13525	7
13535	8
13545	8
13555	7
13565	5
13575	9
13585	6
13595	7
13605	2
13615	11
13625	11
13635	16
13645	2
13655	5
13665	11
13675	9
13685	6
13695	6
13705	9
13715	8
13725	8
13735	5
13745	15
13755	14
13765	15
13775	15
13785	13
13795	11
13805	13
13815	12
13825	15
13835	12
13845	11
13855	12
13865	6
13875	10
13885	13
13895	9
13905	11
13915	6
13925	10
13935	12
13945	13
13955	7
13965	13
13975	10
13985	9
13995	11
14005	7
14015	10
14025	6
14035	13
14045	6
14055	9
14065	10
14075	11
14085	9
14095	10
14105	7
14115	9
14125	10
14135	8
14145	6
14155	11
14165	6
14175	9
14185	7
14195	9
14205	11
14215	9
14225	7
14235	6
14245	6
14255	10
14265	5
14275	13
14285	5
14295	8
14305	8
14315	10
14325	7
14335	11
14345	7
14355	8
14365	11
14375	7
14385	7
14395	8
14405	7
14415	6
14425	4
14435	13
14445	5
14455	4
14465	6
14475	6
14485	7
14495	12
14505	8
14515	3
14525	6
14535	13
14545	9
14555	4
14565	4
14575	3
14585	6
14595	7
14605	6
14615	5
14625	7
14635	4
14645	6
14655	3
14665	7
14675	8
14685	5
14695	3
14705	1
14715	3
14725	4
14735	5
14745	4
14755	5
14765	2
14775	1
14785	1
14795	2
14805	2
14815	3
14825	5
14835	1
14845	4
14855	4
14865	1
14875	2
14885	1
14895	2
14905	2
14915	2
14925	1
14935	3
14945	1
14955	3
14965	5
14975	0
14985	3
14995	3
15005	3
15015	1
15025	0
15035	2
15045	1
15055	3
15065	0
15075	3
15085	2
15095	0
15105	1
15115	2
15125	2
15135	0
15145	0
15155	1
15165	1
15175	1
15185	4
15195	0
15205	0
15215	1
15225	3
15235	2
15245	3
15255	0
15265	1
15275	1
15285	1
15295	1
15305	2
15315	0
15325	1
15335	1
15345	1
15355	2
15365	0
15375	2
15385	0
15395	0
15405	2
15415	2
15425	0
15435	1
15445	0
15455	0
15465	3
15475	2
15485	1
15495	1
15505	1
15515	0
15525	0
15535	1
15545	0
15555	0
15565	2
15575	1
15585	0
15595	0
15605	1
15615	0
15625	0
15635	1
15645	4
15655	1
15665	1
15675	0
15685	0
15695	0
15705	1
15715	0
15725	0
15735	1
15745	1
15755	1
15765	0
15775	2
15785	0
15795	1
15805	0
15815	0
15825	0
15835	0
15845	2
15855	0
15865	1
15875	0
15885	0
15895	1
15905	0
15915	1
15925	0
15935	0
15945	1
15955	0
15965	0
15975	1
15985	4
15995	1
16005	1
16015	0
16025	0
16035	1
16045	1
16055	0
16065	1
16075	3
16085	0
16095	0
16105	1
16115	1
16125	0
16135	1
16145	0
16155	0
16165	1
16175	1
16185	1
16195	0
16205	2
16215	0
16225	0
16235	3
16245	0
16255	0
16265	0
16275	0
16285	0
16295	0
16305	0
16315	0
16325	0
16335	0
16345	1
16355	1
16365	0
16375	1
16385	2
16395	0
16405	1
16415	0
16425	0
16435	1
16445	0
16455	0
16465	1
16475	0
16485	1
16495	0
16505	0
16515	0
16525	2
16535	2
16545	2
16555	0
16565	0
16575	1
16585	1
16595	0
16605	0
16615	0
16625	0
16635	1
16645	1
16655	0
16665	0
16675	0
16685	0
16695	0
16705	2
16715	1
16725	0
16735	2
16745	0
16755	1
16765	3
16775	0
16785	0
16795	0
16805	1
16815	0
16825	0
16835	0
16845	0
16855	0
16865	0
16875	0
16885	0
16895	0
16905	1
16915	0
16925	1
16935	0
16945	0
16955	1
16965	1
16975	1
16985	0
16995	0
17005	0
17015	1
17025	0
17035	1
17045	1
17055	1
17065	0
17075	2
17085	0
17095	1
17105	1
17115	0
17125	0
17135	0
17145	0
17155	0
17165	0
17175	0
17185	1
17195	0
17205	0
17215	3
17225	1
17235	1
17245	0
17255	1
17265	0
17275	2
17285	1
17295	0
17305	0
17315	0
17325	1
17335	0
17345	1
17355	0
17365	0
17375	0
17385	0
17395	0
17405	1
17415	0
17425	0
17435	0
17445	0
17455	1
17465	0
17475	1
17485	0
17495	0
17505	2
17515	1
17525	0
17535	0
17545	0
17555	0
17565	1
17575	0
17585	0
17595	1
17605	0
17615	0
17625	0
17635	0
17645	0
17655	0
17665	1
17675	1
17685	0
17695	1
17705	0
17715	2
17725	0
17735	2
17745	0
17755	0
17765	1
17775	0
17785	0
17795	0
17805	1
17815	0
17825	0
17835	1
17845	2
17855	1
17865	1
17875	0
17885	1
17895	0
17905	0
17915	0
17925	1
17935	1
17945	0
17955	0
17965	0
17975	0
17985	0
17995	1
18005	0
18015	0
18025	1
18035	0
18045	0
18055	1
18065	1
18075	0
18085	0
18095	2
18105	0
18115	0
18125	1
18135	0
18145	1
18155	0
18165	1
18175	0
18185	0
18195	1
18205	0
18215	1
18225	0
18235	1
18245	0
18255	3
18265	0
18275	0
18285	0
18295	2
18305	1
18315	0
18325	0
18335	0
18345	1
18355	2
18365	2
18375	0
18385	0
18395	0
18405	1
18415	1
18425	0
18435	0
18445	0
18455	0
18465	1
18475	1
18485	2
18495	1
18505	0
18515	0
18525	1
18535	1
18545	0
18555	0
18565	0
18575	2
18585	1
18595	1
18605	1
18615	0
18625	0
18635	0
18645	0
18655	0
18665	4
18675	2
18685	0
18695	1
18705	0
18715	1
18725	0
18735	0
18745	1
18755	1
18765	0
18775	0
18785	0
18795	0
18805	0
18815	0
18825	0
18835	0
18845	1
18855	0
18865	1
18875	1
18885	0
18895	1
18905	0
18915	1
18925	2
18935	1
18945	1
18955	0
18965	0
18975	2
18985	0
18995	2
19005	3
19015	2
19025	1
19035	0
19045	0
19055	0
19065	0
19075	1
19085	0
19095	1
19105	0
19115	2
19125	1
19135	0
19145	0
19155	0
19165	0
19175	0
19185	4
19195	0
19205	0
19215	0
19225	0
19235	1
19245	0
19255	2
19265	2
19275	1
19285	1
19295	2
19305	0
19315	0
19325	1
19335	0
19345	0
19355	0
19365	1
19375	0
19385	0
19395	1
19405	0
19415	1
19425	0
19435	1
19445	0
19455	0
19465	0
19475	2
19485	0
19495	0
