Threshold [mV] - No Scintillator	Frequency  [kHz] - No Scintillator	Threshold [mV] - With Scintillator	Frequency  [kHz] - With Scintillator	Threshold [mV] - With Source	Frequency  [kHz] - With Source
-22	72,1658			-24	53,9633
				-26	40,4433
				-28	28,8342
				-30	20,6933
				-32	14,5667
				-34	10,2258
				-36	6,96667
				-38	4,93583
				-40	3,325
				-42	2,2925
				-44	1,74083
				-46	1,3
				-48	0,924167
				-50	0,759167
				-52	0,628333
				-54	0,586667
				-56	0,531667
				-58	0,471667
				-60	0,4575
				-62	0,440833
				-64	0,4275
				-66	0,413333
				-68	0,463333
				-70	0,436667
				-72	0,435
				-74	0,416667
				-76	0,440833
				-78	0,413333
				-80	0,43
				-82	0,43
				-84	0,405833
				-86	0,456667
				-88	0,415
				-90	0,429167
				-92	0,4325
				-94	0,406667
				-96	0,393333
				-98	0,415833
				-100	0,3975
				-102	0,42
				-104	0,398333
				-106	0,396667
				-108	0,43
				-110	0,4
				-112	0,434167
				-114	0,394167
				-116	0,385833
				-118	0,436667
				-120	0,3975
				-122	0,398333
				-124	0,440833
				-126	0,423333
				-128	0,416667
				-130	0,400833
				-132	0,4175
				-134	0,395
				-136	0,4325
				-138	0,399167
				-140	0,4
				-142	0,405833
				-144	0,414167
				-146	0,43
				-148	0,374167
				-150	0,403333
