                         Threshold Frequency
Threshold Frequency[mV] -            [kHz] -
[mV] - No [kHz] - No With            With
ScintillatorScintillator ScintillatorScintillator
        -2272,525                -24549,125
        -22136,783               -26409,017
        -24751,333               -28312,208
        -26486,917               -3022,225
        -28302,167               -32142,733
        -30176,417               -34998,583
        -32974,167               -36719,083
        -34706,667               -38497,167
        -36441,667               -40351,333
        -38278,333               -4224,725
        -40173,333               -4419,275
        -42941,667               -46128,417
        -440,06                  -488,875
        -46         375          -50581,667
        -48166,667               -52386,667
        -50108,333               -54253,333
        -52           75         -560,14
        -54416,667               -58916,667
        -56           25         -600,07
        -58           25         -620,04
        -64833,333               -64333,333
        -68833,333               -66           25
                                 -68         175
                                 -70191,667
                                 -72116,667
                                 -740,01
                                 -76166,667
                                 -78666,667
                                 -80416,667
                                 -82416,667
                                 -84333,333
                                 -86833,333
                                 -88416,667
                                 -90416,667
                                 -92           25
                                 -94333,333
                                 -96416,667
                                 -98333,333
                                -100166,667
                                -102583,333
                                -104166,667
                                -106583,333
                                -108666,667
                                -112416,667
                                -114583,333
                                -116            5
                                -118333,333
                                -120           25
                                -122333,333
                                -124166,667
                                -126           25
                                -128833,333
                                -130           25
                                -132           25
                                -134           25
                                -136            5
                                -138833,333
                                -140333,333
                                -142166,667
                                -144583,333
                                -146            5
                                -148416,667
                                -150583,333
