ADC Channels - Charge distribution	Counts - Charge distribution
-495	0
-485	0
-475	0
-465	0
-455	0
-445	0
-435	0
-425	0
-415	0
-405	0
-395	0
-385	0
-375	0
-365	0
-355	0
-345	0
-335	0
-325	0
-315	0
-305	0
-295	0
-285	0
-275	0
-265	0
-255	0
-245	0
-235	1
-225	0
-215	0
-205	1
-195	2
-185	2
-175	3
-165	14
-155	12
-145	37
-135	59
-125	101
-115	141
-105	217
-95	312
-85	449
-75	508
-65	653
-55	792
-45	876
-35	916
-25	931
-15	1040
-5	1052
5	917
15	961
25	808
35	782
45	679
55	540
65	419
75	330
85	221
95	149
105	134
115	69
125	43
135	28
145	17
155	7
165	6
175	5
185	4
195	6
205	4
215	2
225	7
235	3
245	3
255	10
265	6
275	1
285	4
295	2
305	5
315	4
325	8
335	5
345	3
355	6
365	6
375	6
385	3
395	5
405	8
415	6
425	13
435	8
445	4
455	9
465	6
475	7
485	8
495	9
505	9
515	10
525	9
535	4
545	11
555	16
565	6
575	10
585	11
595	10
605	9
615	7
625	4
635	5
645	4
655	10
665	4
675	12
685	15
695	13
705	8
715	7
725	7
735	16
745	8
755	9
765	17
775	17
785	16
795	6
805	10
815	14
825	6
835	15
845	7
855	10
865	8
875	6
885	15
895	7
905	14
915	5
925	8
935	11
945	7
955	3
965	7
975	12
985	5
995	14
1005	7
1015	3
1025	4
1035	9
1045	6
1055	15
1065	9
1075	15
1085	13
1095	6
1105	5
1115	7
1125	13
1135	10
1145	8
1155	8
1165	15
1175	3
1185	11
1195	3
1205	14
1215	12
1225	7
1235	13
1245	13
1255	16
1265	4
1275	9
1285	15
1295	7
1305	8
1315	6
1325	13
1335	7
1345	10
1355	6
1365	14
1375	7
1385	7
1395	8
1405	11
1415	7
1425	11
1435	15
1445	9
1455	10
1465	10
1475	13
1485	8
1495	7
1505	18
1515	7
1525	10
1535	6
1545	10
1555	12
1565	10
1575	6
1585	10
1595	5
1605	11
1615	8
1625	7
1635	13
1645	11
1655	11
1665	6
1675	12
1685	10
1695	18
1705	12
1715	6
1725	10
1735	10
1745	10
1755	9
1765	15
1775	10
1785	17
1795	12
1805	3
1815	15
1825	14
1835	7
1845	9
1855	15
1865	12
1875	14
1885	9
1895	8
1905	12
1915	5
1925	6
1935	11
1945	6
1955	11
1965	12
1975	8
1985	13
1995	8
2005	12
2015	9
2025	11
2035	11
2045	12
2055	13
2065	12
2075	11
2085	10
2095	7
2105	12
2115	11
2125	8
2135	10
2145	8
2155	6
2165	11
2175	7
2185	11
2195	4
2205	5
2215	5
2225	7
2235	14
2245	8
2255	10
2265	14
2275	10
2285	7
2295	8
2305	11
2315	4
2325	7
2335	6
2345	9
2355	2
2365	4
2375	7
2385	3
2395	7
2405	3
2415	4
2425	7
2435	8
2445	5
2455	4
2465	4
2475	7
2485	5
2495	10
2505	5
2515	8
2525	6
2535	6
2545	12
2555	4
2565	3
2575	6
2585	6
2595	2
2605	3
2615	6
2625	6
2635	6
2645	1
2655	3
2665	3
2675	3
2685	3
2695	5
2705	5
2715	4
2725	6
2735	1
2745	3
2755	3
2765	8
2775	6
2785	2
2795	6
2805	2
2815	5
2825	4
2835	1
2845	3
2855	0
2865	1
2875	7
2885	4
2895	2
2905	2
2915	4
2925	0
2935	5
2945	3
2955	4
2965	4
2975	3
2985	3
2995	3
3005	5
3015	4
3025	6
3035	6
3045	5
3055	3
3065	0
3075	0
3085	5
3095	2
3105	2
3115	3
3125	3
3135	5
3145	3
3155	1
3165	3
3175	1
3185	3
3195	2
3205	1
3215	5
3225	5
3235	6
3245	3
3255	1
3265	6
3275	5
3285	2
3295	1
3305	3
3315	2
3325	5
3335	1
3345	4
3355	4
3365	0
3375	4
3385	2
3395	3
3405	4
3415	2
3425	4
3435	5
3445	6
3455	3
3465	2
3475	2
3485	4
3495	8
3505	4
3515	0
3525	4
3535	5
3545	3
3555	1
3565	3
3575	3
3585	3
3595	5
3605	1
3615	9
3625	3
3635	4
3645	7
3655	3
3665	3
3675	1
3685	3
3695	4
3705	3
3715	3
3725	4
3735	3
3745	2
3755	3
3765	5
3775	0
3785	3
3795	1
3805	7
3815	2
3825	4
3835	0
3845	2
3855	4
3865	1
3875	7
3885	6
3895	4
3905	3
3915	3
3925	5
3935	4
3945	1
3955	3
3965	2
3975	2
3985	3
3995	1
4005	4
4015	3
4025	5
4035	7
4045	3
4055	3
4065	4
4075	5
4085	2
4095	2
4105	4
4115	4
4125	4
4135	3
4145	3
4155	2
4165	2
4175	2
4185	1
4195	4
4205	1
4215	6
4225	2
4235	3
4245	1
4255	4
4265	3
4275	3
4285	2
4295	4
4305	3
4315	3
4325	2
4335	3
4345	1
4355	3
4365	5
4375	1
4385	3
4395	4
4405	3
4415	5
4425	2
4435	3
4445	4
4455	1
4465	6
4475	3
4485	5
4495	3
4505	2
4515	5
4525	2
4535	7
4545	6
4555	3
4565	4
4575	3
4585	3
4595	2
4605	2
4615	5
4625	2
4635	1
4645	2
4655	4
4665	1
4675	3
4685	2
4695	1
4705	3
4715	2
4725	1
4735	1
4745	3
4755	6
4765	3
4775	4
4785	4
4795	3
4805	1
4815	2
4825	0
4835	2
4845	1
4855	2
4865	4
4875	5
4885	3
4895	3
4905	3
4915	2
4925	2
4935	3
4945	2
4955	4
4965	2
4975	3
4985	2
4995	4
5005	0
5015	3
5025	0
5035	2
5045	2
5055	4
5065	0
5075	3
5085	5
5095	5
5105	3
5115	3
5125	1
5135	2
5145	3
5155	5
5165	2
5175	1
5185	0
5195	2
5205	5
5215	2
5225	4
5235	4
5245	3
5255	2
5265	2
5275	1
5285	2
5295	2
5305	4
5315	2
5325	4
5335	5
5345	3
5355	5
5365	1
5375	6
5385	2
5395	4
5405	5
5415	2
5425	3
5435	4
5445	4
5455	3
5465	2
5475	4
5485	2
5495	2
5505	4
5515	5
5525	3
5535	4
5545	2
5555	3
5565	4
5575	2
5585	2
5595	5
5605	1
5615	3
5625	3
5635	6
5645	8
5655	2
5665	4
5675	1
5685	4
5695	6
5705	3
5715	1
5725	5
5735	6
5745	1
5755	9
5765	3
5775	2
5785	1
5795	6
5805	5
5815	5
5825	4
5835	4
5845	1
5855	5
5865	4
5875	5
5885	5
5895	4
5905	4
5915	5
5925	5
5935	5
5945	4
5955	7
5965	8
5975	4
5985	1
5995	5
6005	5
6015	4
6025	4
6035	4
6045	4
6055	2
6065	6
6075	9
6085	6
6095	5
6105	3
6115	4
6125	4
6135	1
6145	6
6155	3
6165	2
6175	5
6185	3
6195	4
6205	3
6215	6
6225	7
6235	5
6245	11
6255	3
6265	2
6275	6
6285	9
6295	3
6305	5
6315	3
6325	6
6335	3
6345	1
6355	0
6365	2
6375	1
6385	5
6395	4
6405	5
6415	3
6425	3
6435	3
6445	4
6455	5
6465	6
6475	9
6485	9
6495	3
6505	3
6515	2
6525	8
6535	5
6545	1
6555	6
6565	5
6575	3
6585	7
6595	6
6605	4
6615	1
6625	5
6635	3
6645	8
6655	5
6665	6
6675	2
6685	3
6695	4
6705	3
6715	4
6725	2
6735	1
6745	1
6755	4
6765	5
6775	7
6785	1
6795	0
6805	4
6815	2
6825	2
6835	2
6845	5
6855	5
6865	2
6875	3
6885	8
6895	5
6905	4
6915	3
6925	4
6935	3
6945	4
6955	5
6965	3
6975	4
6985	1
6995	4
7005	3
7015	3
7025	2
7035	3
7045	3
7055	6
7065	4
7075	3
7085	1
7095	7
7105	5
7115	5
7125	2
7135	4
7145	4
7155	0
7165	2
7175	4
7185	2
7195	4
7205	1
7215	1
7225	4
7235	0
7245	1
7255	6
7265	3
7275	5
7285	3
7295	2
7305	1
7315	1
7325	5
7335	2
7345	3
7355	2
7365	2
7375	1
7385	6
7395	2
7405	2
7415	0
7425	4
7435	1
7445	2
7455	4
7465	6
7475	3
7485	3
7495	1
7505	2
7515	1
7525	1
7535	0
7545	4
7555	0
7565	1
7575	1
7585	3
7595	1
7605	6
7615	3
7625	4
7635	3
7645	4
7655	2
7665	3
7675	3
7685	1
7695	1
7705	2
7715	2
7725	4
7735	1
7745	3
7755	1
7765	3
7775	0
7785	3
7795	5
7805	2
7815	2
7825	4
7835	2
7845	0
7855	0
7865	1
7875	4
7885	5
7895	1
7905	1
7915	4
7925	2
7935	2
7945	3
7955	2
7965	0
7975	4
7985	0
7995	2
8005	0
8015	3
8025	1
8035	4
8045	1
8055	3
8065	3
8075	1
8085	4
8095	1
8105	0
8115	4
8125	3
8135	1
8145	2
8155	3
8165	1
8175	2
8185	0
8195	3
8205	2
8215	3
8225	1
8235	3
8245	3
8255	2
8265	1
8275	1
8285	1
8295	3
8305	0
8315	3
8325	1
8335	0
8345	2
8355	0
8365	3
8375	2
8385	6
8395	5
8405	1
8415	4
8425	2
8435	7
8445	0
8455	4
8465	2
8475	1
8485	2
8495	2
8505	1
8515	3
8525	2
8535	2
8545	1
8555	2
8565	1
8575	1
8585	1
8595	3
8605	2
8615	3
8625	1
8635	2
8645	1
8655	2
8665	0
8675	3
8685	2
8695	3
8705	1
8715	0
8725	0
8735	3
8745	3
8755	3
8765	3
8775	2
8785	1
8795	5
8805	1
8815	4
8825	0
8835	4
8845	1
8855	3
8865	2
8875	3
8885	0
8895	2
8905	2
8915	3
8925	3
8935	2
8945	3
8955	1
8965	2
8975	1
8985	1
8995	3
9005	0
9015	1
9025	3
9035	2
9045	2
9055	1
9065	3
9075	1
9085	4
9095	5
9105	1
9115	3
9125	0
9135	3
9145	2
9155	3
9165	2
9175	5
9185	3
9195	0
9205	1
9215	1
9225	2
9235	2
9245	4
9255	1
9265	2
9275	1
9285	3
9295	2
9305	1
9315	3
9325	1
9335	3
9345	1
9355	4
9365	3
9375	1
9385	1
9395	3
9405	1
9415	1
9425	1
9435	3
9445	2
9455	1
9465	3
9475	3
9485	3
9495	1
9505	0
9515	5
9525	2
9535	1
9545	3
9555	2
9565	2
9575	3
9585	1
9595	2
9605	2
9615	2
9625	0
9635	1
9645	2
9655	2
9665	4
9675	2
9685	2
9695	3
9705	4
9715	3
9725	0
9735	0
9745	1
9755	2
9765	4
9775	2
9785	3
9795	2
9805	3
9815	0
9825	1
9835	3
9845	5
9855	3
9865	0
9875	2
9885	0
9895	4
9905	0
9915	4
9925	4
9935	2
9945	1
9955	3
9965	1
9975	1
9985	1
9995	2
10005	3
10015	1
10025	4
10035	5
10045	1
10055	3
10065	4
10075	1
10085	2
10095	0
10105	0
10115	3
10125	2
10135	0
10145	4
10155	2
10165	1
10175	3
10185	3
10195	3
10205	0
10215	4
10225	3
10235	2
10245	1
10255	2
10265	3
10275	0
10285	1
10295	1
10305	6
10315	3
10325	3
10335	1
10345	1
10355	1
10365	0
10375	1
10385	1
10395	2
10405	1
10415	4
10425	2
10435	2
10445	0
10455	2
10465	1
10475	4
10485	1
10495	1
10505	3
10515	3
10525	4
10535	2
10545	3
10555	1
10565	2
10575	1
10585	1
10595	4
10605	3
10615	4
10625	1
10635	3
10645	1
10655	3
10665	2
10675	0
10685	1
10695	0
10705	2
10715	1
10725	1
10735	1
10745	0
10755	3
10765	1
10775	2
10785	2
10795	2
10805	4
10815	2
10825	2
10835	1
10845	2
10855	1
10865	1
10875	2
10885	4
10895	6
10905	0
10915	2
10925	3
10935	3
10945	1
10955	4
10965	1
10975	4
10985	3
10995	2
11005	4
11015	1
11025	3
11035	3
11045	2
11055	2
11065	5
11075	3
11085	3
11095	2
11105	1
11115	1
11125	2
11135	1
11145	4
11155	0
11165	1
11175	1
11185	0
11195	0
11205	1
11215	1
11225	0
11235	0
11245	1
11255	1
11265	1
11275	1
11285	2
11295	2
11305	3
11315	3
11325	5
11335	1
11345	0
11355	3
11365	3
11375	1
11385	1
11395	0
11405	2
11415	5
11425	1
11435	2
11445	2
11455	1
11465	1
11475	2
11485	2
11495	1
11505	3
11515	0
11525	1
11535	1
11545	3
11555	2
11565	1
11575	2
11585	4
11595	0
11605	2
11615	1
11625	3
11635	1
11645	1
11655	2
11665	4
11675	4
11685	1
11695	0
11705	2
11715	3
11725	1
11735	1
11745	5
11755	1
11765	2
11775	1
11785	2
11795	2
11805	0
11815	3
11825	1
11835	3
11845	2
11855	0
11865	3
11875	2
11885	2
11895	2
11905	1
11915	1
11925	6
11935	2
11945	1
11955	3
11965	3
11975	4
11985	1
11995	4
12005	1
12015	2
12025	3
12035	1
12045	2
12055	5
12065	0
12075	2
12085	3
12095	3
12105	1
12115	1
12125	1
12135	3
12145	1
12155	3
12165	1
12175	0
12185	1
12195	4
12205	2
12215	0
12225	4
12235	1
12245	0
12255	0
12265	3
12275	1
12285	4
12295	2
12305	7
12315	2
12325	1
12335	1
12345	1
12355	2
12365	1
12375	3
12385	2
12395	0
12405	2
12415	1
12425	1
12435	2
12445	3
12455	2
12465	2
12475	1
12485	0
12495	1
12505	1
12515	4
12525	4
12535	4
12545	2
12555	2
12565	3
12575	2
12585	0
12595	3
12605	0
12615	3
12625	3
12635	2
12645	2
12655	4
12665	3
12675	3
12685	1
12695	2
12705	3
12715	2
12725	2
12735	3
12745	5
12755	1
12765	0
12775	5
12785	4
12795	3
12805	3
12815	2
12825	1
12835	1
12845	6
12855	0
12865	0
12875	2
12885	2
12895	1
12905	1
12915	1
12925	3
12935	2
12945	1
12955	2
12965	5
12975	4
12985	2
12995	1
13005	2
13015	1
13025	1
13035	0
13045	2
13055	1
13065	1
13075	3
13085	1
13095	1
13105	1
13115	0
13125	2
13135	0
13145	3
13155	3
13165	2
13175	1
13185	0
13195	2
13205	1
13215	0
13225	0
13235	6
13245	3
13255	4
13265	3
13275	0
13285	2
13295	2
13305	2
13315	1
13325	5
13335	1
13345	1
13355	0
13365	0
13375	1
13385	4
13395	4
13405	2
13415	2
13425	2
13435	1
13445	1
13455	2
13465	3
13475	1
13485	1
13495	1
13505	2
13515	0
13525	1
13535	0
13545	4
13555	1
13565	1
13575	4
13585	2
13595	3
13605	1
13615	4
13625	1
13635	2
13645	2
13655	1
13665	2
13675	2
13685	2
13695	4
13705	3
13715	0
13725	1
13735	2
13745	2
13755	3
13765	1
13775	1
13785	1
13795	1
13805	0
13815	2
13825	4
13835	3
13845	3
13855	1
13865	0
13875	3
13885	2
13895	0
13905	2
13915	4
13925	0
13935	1
13945	1
13955	2
13965	0
13975	2
13985	1
13995	2
14005	0
14015	3
14025	0
14035	2
14045	2
14055	1
14065	2
14075	1
14085	0
14095	3
14105	2
14115	0
14125	4
14135	2
14145	1
14155	2
14165	0
14175	1
14185	2
14195	3
14205	2
14215	1
14225	2
14235	3
14245	2
14255	2
14265	2
14275	0
14285	3
14295	1
14305	2
14315	1
14325	1
14335	1
14345	4
14355	0
14365	1
14375	5
14385	1
14395	3
14405	1
14415	2
14425	0
14435	2
14445	2
14455	2
14465	1
14475	1
14485	2
14495	3
14505	1
14515	3
14525	3
14535	3
14545	1
14555	1
14565	3
14575	2
14585	0
14595	4
14605	1
14615	4
14625	4
14635	3
14645	2
14655	1
14665	4
14675	1
14685	2
14695	3
14705	1
14715	3
14725	0
14735	3
14745	0
14755	3
14765	2
14775	2
14785	0
14795	2
14805	2
14815	1
14825	4
14835	3
14845	0
14855	2
14865	2
14875	4
14885	2
14895	2
14905	2
14915	1
14925	2
14935	2
14945	3
14955	5
14965	0
14975	3
14985	0
14995	3
15005	1
15015	1
15025	0
15035	1
15045	1
15055	2
15065	0
15075	2
15085	1
15095	2
15105	1
15115	2
15125	1
15135	2
15145	1
15155	3
15165	0
15175	5
15185	1
15195	2
15205	1
15215	2
15225	1
15235	3
15245	1
15255	0
15265	3
15275	5
15285	3
15295	1
15305	0
15315	1
15325	2
15335	1
15345	1
15355	3
15365	1
15375	1
15385	1
15395	4
15405	1
15415	0
15425	3
15435	4
15445	0
15455	4
15465	1
15475	3
15485	3
15495	2
15505	4
15515	1
15525	3
15535	1
15545	4
15555	6
15565	2
15575	2
15585	2
15595	3
15605	1
15615	3
15625	0
15635	0
15645	2
15655	0
15665	1
15675	3
15685	1
15695	0
15705	0
15715	2
15725	2
15735	3
15745	4
15755	3
15765	2
15775	4
15785	0
15795	3
15805	1
15815	1
15825	1
15835	1
15845	2
15855	0
15865	4
15875	0
15885	1
15895	0
15905	3
15915	1
15925	2
15935	1
15945	3
15955	0
15965	1
15975	2
15985	2
15995	2
16005	1
16015	2
16025	1
16035	2
16045	0
16055	5
16065	1
16075	2
16085	5
16095	1
16105	3
16115	2
16125	2
16135	2
16145	0
16155	2
16165	2
16175	0
16185	5
16195	2
16205	0
16215	0
16225	2
16235	1
16245	2
16255	1
16265	1
16275	4
16285	2
16295	5
16305	2
16315	6
16325	1
16335	0
16345	0
16355	2
16365	1
16375	1
16385	1
16395	5
16405	2
16415	1
16425	2
16435	2
16445	2
16455	3
16465	5
16475	2
16485	2
16495	3
16505	1
16515	0
16525	1
16535	5
16545	1
16555	3
16565	2
16575	4
16585	4
16595	3
16605	0
16615	2
16625	2
16635	0
16645	2
16655	1
16665	4
16675	2
16685	4
16695	2
16705	2
16715	2
16725	2
16735	5
16745	2
16755	0
16765	1
16775	2
16785	4
16795	1
16805	3
16815	3
16825	2
16835	1
16845	2
16855	0
16865	2
16875	5
16885	6
16895	1
16905	2
16915	2
16925	3
16935	2
16945	3
16955	3
16965	1
16975	1
16985	2
16995	0
17005	2
17015	2
17025	1
17035	2
17045	6
17055	0
17065	2
17075	1
17085	1
17095	2
17105	0
17115	1
17125	1
17135	0
17145	1
17155	0
17165	0
17175	3
17185	3
17195	1
17205	2
17215	0
17225	1
17235	1
17245	3
17255	2
17265	1
17275	1
17285	3
17295	1
17305	0
17315	2
17325	2
17335	1
17345	1
17355	4
17365	0
17375	4
17385	2
17395	1
17405	0
17415	4
17425	3
17435	1
17445	3
17455	2
17465	1
17475	1
17485	4
17495	5
17505	1
17515	2
17525	1
17535	3
17545	2
17555	2
17565	3
17575	0
17585	0
17595	3
17605	1
17615	1
17625	3
17635	2
17645	1
17655	2
17665	3
17675	0
17685	1
17695	1
17705	0
17715	1
17725	3
17735	2
17745	1
17755	3
17765	2
17775	3
17785	4
17795	2
17805	4
17815	1
17825	1
17835	0
17845	3
17855	3
17865	5
17875	3
17885	1
17895	1
17905	3
17915	2
17925	2
17935	3
17945	2
17955	0
17965	4
17975	3
17985	1
17995	3
18005	4
18015	1
18025	0
18035	1
18045	3
18055	1
18065	2
18075	3
18085	1
18095	2
18105	4
18115	3
18125	1
18135	2
18145	1
18155	2
18165	3
18175	5
18185	1
18195	3
18205	0
18215	2
18225	3
18235	4
18245	5
18255	1
18265	3
18275	1
18285	1
18295	1
18305	4
18315	4
18325	3
18335	1
18345	5
18355	5
18365	3
18375	1
18385	3
18395	3
18405	2
18415	1
18425	1
18435	6
18445	3
18455	1
18465	0
18475	2
18485	4
18495	3
18505	2
18515	1
18525	2
18535	1
18545	1
18555	0
18565	3
18575	3
18585	2
18595	1
18605	3
18615	0
18625	2
18635	2
18645	0
18655	5
18665	4
18675	2
18685	1
18695	0
18705	1
18715	0
18725	2
18735	1
18745	3
18755	3
18765	0
18775	1
18785	1
18795	1
18805	3
18815	2
18825	0
18835	1
18845	1
18855	2
18865	3
18875	2
18885	3
18895	2
18905	3
18915	1
18925	2
18935	2
18945	3
18955	5
18965	3
18975	3
18985	3
18995	3
19005	3
19015	3
19025	1
19035	3
19045	0
19055	2
19065	2
19075	3
19085	1
19095	4
19105	0
19115	2
19125	4
19135	2
19145	1
19155	1
19165	2
19175	2
19185	3
19195	1
19205	5
19215	2
19225	2
19235	3
19245	2
19255	1
19265	2
19275	1
19285	4
19295	5
19305	1
19315	2
19325	3
19335	5
19345	1
19355	2
19365	2
19375	3
19385	1
19395	4
19405	4
19415	3
19425	2
19435	2
19445	2
19455	1
19465	4
19475	1
19485	6
19495	3
