ADC Channels - Charge distribution	Counts - Charge distribution
-495	0
-485	0
-475	0
-465	0
-455	0
-445	0
-435	0
-425	0
-415	0
-405	0
-395	0
-385	0
-375	0
-365	0
-355	0
-345	0
-335	0
-325	0
-315	0
-305	0
-295	0
-285	0
-275	0
-265	0
-255	0
-245	0
-235	0
-225	0
-215	0
-205	0
-195	0
-185	0
-175	0
-165	0
-155	0
-145	0
-135	0
-125	0
-115	0
-105	0
-95	0
-85	0
-75	0
-65	0
-55	0
-45	0
-35	0
-25	0
-15	0
-5	0
5	0
15	0
25	0
35	0
45	0
55	0
65	0
75	0
85	0
95	0
105	0
115	0
125	0
135	0
145	0
155	0
165	0
175	0
185	0
195	0
205	0
215	0
225	0
235	0
245	0
255	0
265	0
275	0
285	0
295	0
305	0
315	0
325	0
335	0
345	0
355	0
365	1
375	1
385	0
395	1
405	1
415	3
425	6
435	8
445	4
455	12
465	7
475	12
485	16
495	15
505	15
515	25
525	24
535	26
545	18
555	25
565	42
575	36
585	28
595	35
605	43
615	37
625	35
635	41
645	30
655	34
665	28
675	32
685	26
695	37
705	28
715	18
725	21
735	30
745	30
755	23
765	34
775	26
785	34
795	19
805	26
815	26
825	34
835	28
845	30
855	17
865	22
875	28
885	37
895	38
905	19
915	26
925	24
935	25
945	31
955	13
965	32
975	12
985	22
995	18
1005	17
1015	22
1025	19
1035	31
1045	21
1055	17
1065	24
1075	24
1085	21
1095	18
1105	24
1115	21
1125	26
1135	26
1145	24
1155	17
1165	22
1175	18
1185	24
1195	19
1205	16
1215	21
1225	36
1235	22
1245	24
1255	15
1265	14
1275	22
1285	19
1295	21
1305	25
1315	24
1325	21
1335	19
1345	19
1355	20
1365	22
1375	21
1385	17
1395	25
1405	20
1415	16
1425	26
1435	25
1445	19
1455	29
1465	27
1475	25
1485	22
1495	25
1505	18
1515	22
1525	12
1535	20
1545	20
1555	23
1565	30
1575	27
1585	23
1595	19
1605	17
1615	18
1625	24
1635	25
1645	33
1655	27
1665	20
1675	21
1685	13
1695	29
1705	24
1715	22
1725	20
1735	19
1745	23
1755	17
1765	25
1775	20
1785	21
1795	21
1805	16
1815	15
1825	20
1835	27
1845	17
1855	33
1865	26
1875	16
1885	22
1895	21
1905	24
1915	21
1925	23
1935	18
1945	19
1955	10
1965	20
1975	22
1985	25
1995	19
2005	18
2015	17
2025	25
2035	21
2045	15
2055	20
2065	24
2075	15
2085	18
2095	24
2105	23
2115	28
2125	33
2135	16
2145	28
2155	14
2165	17
2175	25
2185	16
2195	22
2205	17
2215	19
2225	15
2235	24
2245	19
2255	24
2265	26
2275	22
2285	17
2295	24
2305	22
2315	16
2325	15
2335	21
2345	20
2355	29
2365	24
2375	15
2385	16
2395	17
2405	24
2415	17
2425	21
2435	16
2445	15
2455	17
2465	19
2475	21
2485	23
2495	18
2505	21
2515	19
2525	23
2535	25
2545	17
2555	21
2565	25
2575	18
2585	23
2595	17
2605	29
2615	22
2625	23
2635	18
2645	25
2655	29
2665	26
2675	27
2685	30
2695	19
2705	21
2715	25
2725	17
2735	17
2745	20
2755	23
2765	28
2775	20
2785	21
2795	19
2805	19
2815	23
2825	24
2835	29
2845	18
2855	27
2865	33
2875	17
2885	26
2895	21
2905	18
2915	28
2925	20
2935	18
2945	28
2955	26
2965	21
2975	19
2985	21
2995	26
3005	14
3015	21
3025	30
3035	25
3045	33
3055	33
3065	17
3075	23
3085	24
3095	18
3105	25
3115	21
3125	27
3135	24
3145	31
3155	24
3165	23
3175	30
3185	24
3195	23
3205	30
3215	32
3225	25
3235	31
3245	19
3255	32
3265	14
3275	18
3285	19
3295	24
3305	29
3315	24
3325	13
3335	28
3345	20
3355	25
3365	21
3375	30
3385	20
3395	33
3405	25
3415	19
3425	30
3435	28
3445	23
3455	27
3465	18
3475	12
3485	25
3495	16
3505	30
3515	19
3525	21
3535	25
3545	18
3555	30
3565	26
3575	26
3585	28
3595	29
3605	16
3615	24
3625	27
3635	19
3645	19
3655	26
3665	25
3675	24
3685	16
3695	25
3705	18
3715	21
3725	21
3735	20
3745	20
3755	26
3765	21
3775	18
3785	17
3795	26
3805	27
3815	13
3825	19
3835	17
3845	17
3855	25
3865	15
3875	25
3885	18
3895	24
3905	24
3915	20
3925	21
3935	21
3945	17
3955	17
3965	17
3975	21
3985	18
3995	23
4005	18
4015	15
4025	14
4035	24
4045	18
4055	18
4065	21
4075	33
4085	17
4095	17
4105	16
4115	22
4125	11
4135	18
4145	16
4155	13
4165	11
4175	19
4185	21
4195	13
4205	12
4215	20
4225	23
4235	16
4245	24
4255	19
4265	12
4275	18
4285	19
4295	23
4305	18
4315	17
4325	19
4335	18
4345	27
4355	20
4365	25
4375	20
4385	23
4395	17
4405	15
4415	22
4425	22
4435	15
4445	20
4455	21
4465	17
4475	27
4485	15
4495	14
4505	19
4515	22
4525	15
4535	23
4545	12
4555	8
4565	23
4575	23
4585	18
4595	21
4605	6
4615	13
4625	18
4635	13
4645	27
4655	20
4665	22
4675	17
4685	13
4695	19
4705	14
4715	17
4725	23
4735	20
4745	20
4755	18
4765	17
4775	23
4785	19
4795	19
4805	17
4815	18
4825	15
4835	21
4845	15
4855	15
4865	15
4875	24
4885	14
4895	13
4905	19
4915	16
4925	19
4935	19
4945	23
4955	16
4965	15
4975	22
4985	20
4995	21
5005	20
5015	14
5025	16
5035	15
5045	21
5055	13
5065	20
5075	9
5085	18
5095	12
5105	22
5115	20
5125	18
5135	16
5145	20
5155	19
5165	13
5175	17
5185	10
5195	20
5205	14
5215	18
5225	11
5235	18
5245	14
5255	21
5265	21
5275	22
5285	13
5295	16
5305	17
5315	17
5325	20
5335	16
5345	14
5355	17
5365	18
5375	16
5385	19
5395	14
5405	7
5415	10
5425	13
5435	17
5445	15
5455	25
5465	14
5475	12
5485	21
5495	16
5505	20
5515	21
5525	16
5535	16
5545	21
5555	16
5565	25
5575	12
5585	20
5595	20
5605	22
5615	20
5625	16
5635	14
5645	14
5655	13
5665	19
5675	15
5685	16
5695	21
5705	22
5715	24
5725	20
5735	17
5745	9
5755	11
5765	15
5775	22
5785	20
5795	17
5805	15
5815	16
5825	21
5835	17
5845	20
5855	17
5865	18
5875	14
5885	14
5895	17
5905	17
5915	14
5925	16
5935	21
5945	16
5955	17
5965	25
5975	15
5985	20
5995	13
6005	21
6015	16
6025	20
6035	14
6045	14
6055	10
6065	18
6075	20
6085	14
6095	16
6105	21
6115	25
6125	14
6135	12
6145	17
6155	19
6165	14
6175	17
6185	16
6195	6
6205	17
6215	13
6225	12
6235	15
6245	13
6255	13
6265	15
6275	16
6285	12
6295	19
6305	14
6315	18
6325	11
6335	26
6345	18
6355	22
6365	12
6375	16
6385	12
6395	9
6405	16
6415	20
6425	13
6435	17
6445	19
6455	21
6465	12
6475	10
6485	21
6495	15
6505	16
6515	26
6525	19
6535	11
6545	15
6555	13
6565	14
6575	19
6585	11
6595	25
6605	18
6615	17
6625	22
6635	25
6645	17
6655	14
6665	19
6675	24
6685	21
6695	19
6705	11
6715	17
6725	15
6735	13
6745	11
6755	13
6765	11
6775	22
6785	14
6795	16
6805	24
6815	19
6825	15
6835	20
6845	21
6855	19
6865	16
6875	21
6885	12
6895	17
6905	18
6915	12
6925	21
6935	13
6945	29
6955	13
6965	13
6975	11
6985	19
6995	14
7005	26
7015	16
7025	18
7035	17
7045	14
7055	10
7065	15
7075	13
7085	16
7095	16
7105	16
7115	15
7125	16
7135	10
7145	15
7155	12
7165	8
7175	21
7185	15
7195	14
7205	16
7215	17
7225	15
7235	20
7245	14
7255	12
7265	16
7275	13
7285	16
7295	12
7305	11
7315	17
7325	12
7335	17
7345	24
7355	14
7365	19
7375	17
7385	19
7395	11
7405	12
7415	21
7425	20
7435	19
7445	20
7455	23
7465	8
7475	14
7485	17
7495	19
7505	12
7515	7
7525	15
7535	11
7545	5
7555	16
7565	12
7575	13
7585	11
7595	17
7605	19
7615	16
7625	16
7635	9
7645	10
7655	5
7665	14
7675	13
7685	10
7695	11
7705	12
7715	14
7725	13
7735	16
7745	9
7755	17
7765	13
7775	13
7785	14
7795	19
7805	17
7815	16
7825	12
7835	19
7845	13
7855	8
7865	11
7875	16
7885	9
7895	13
7905	11
7915	13
7925	9
7935	8
7945	14
7955	17
7965	14
7975	13
7985	10
7995	11
8005	16
8015	9
8025	10
8035	9
8045	10
8055	13
8065	12
8075	5
8085	6
8095	8
8105	10
8115	9
8125	10
8135	7
8145	6
8155	11
8165	16
8175	15
8185	11
8195	12
8205	14
8215	9
8225	11
8235	11
8245	10
8255	6
8265	16
8275	7
8285	6
8295	11
8305	11
8315	13
8325	12
8335	7
8345	5
8355	6
8365	6
8375	4
8385	8
8395	5
8405	4
8415	4
8425	7
8435	5
8445	10
8455	14
8465	8
8475	7
8485	4
8495	6
8505	7
8515	6
8525	6
8535	9
8545	7
8555	8
8565	6
8575	5
8585	15
8595	11
8605	5
8615	7
8625	7
8635	5
8645	9
8655	5
8665	7
8675	10
8685	11
8695	8
8705	6
8715	4
8725	5
8735	6
8745	7
8755	9
8765	6
8775	3
8785	4
8795	4
8805	7
8815	2
8825	10
8835	3
8845	7
8855	4
8865	2
8875	7
8885	6
8895	7
8905	4
8915	8
8925	8
8935	6
8945	1
8955	10
8965	1
8975	4
8985	10
8995	7
9005	5
9015	5
9025	10
9035	4
9045	7
9055	3
9065	5
9075	4
9085	6
9095	5
9105	1
9115	6
9125	3
9135	7
9145	7
9155	4
9165	5
9175	7
9185	1
9195	7
9205	3
9215	4
9225	7
9235	4
9245	4
9255	3
9265	8
9275	3
9285	7
9295	8
9305	8
9315	4
9325	4
9335	12
9345	3
9355	5
9365	7
9375	10
9385	5
9395	4
9405	6
9415	8
9425	3
9435	6
9445	2
9455	7
9465	9
9475	13
9485	5
9495	8
9505	14
9515	9
9525	12
9535	8
9545	10
9555	11
9565	12
9575	11
9585	12
9595	10
9605	15
9615	9
9625	9
9635	9
9645	11
9655	8
9665	19
9675	8
9685	11
9695	18
9705	8
9715	2
9725	6
9735	13
9745	9
9755	14
9765	14
9775	10
9785	15
9795	12
9805	9
9815	18
9825	10
9835	14
9845	16
9855	13
9865	16
9875	19
9885	16
9895	14
9905	19
9915	14
9925	25
9935	15
9945	18
9955	26
9965	25
9975	28
9985	13
9995	19
10005	14
10015	22
10025	14
10035	25
10045	20
10055	16
10065	26
10075	16
10085	17
10095	20
10105	23
10115	22
10125	30
10135	19
10145	25
10155	22
10165	14
10175	32
10185	25
10195	21
10205	27
10215	25
10225	21
10235	24
10245	22
10255	26
10265	16
10275	28
10285	27
10295	32
10305	31
10315	31
10325	19
10335	29
10345	26
10355	32
10365	25
10375	31
10385	37
10395	30
10405	35
10415	32
10425	24
10435	41
10445	45
10455	29
10465	28
10475	26
10485	34
10495	29
10505	27
10515	38
10525	46
10535	32
10545	28
10555	24
10565	34
10575	38
10585	24
10595	40
10605	31
10615	25
10625	35
10635	28
10645	33
10655	27
10665	35
10675	44
10685	36
10695	32
10705	36
10715	36
10725	37
10735	39
10745	37
10755	45
10765	33
10775	23
10785	37
10795	31
10805	33
10815	31
10825	36
10835	35
10845	22
10855	44
10865	45
10875	31
10885	33
10895	37
10905	33
10915	30
10925	55
10935	42
10945	44
10955	50
10965	31
10975	41
10985	27
10995	44
11005	39
11015	45
11025	48
11035	28
11045	36
11055	36
11065	32
11075	29
11085	31
11095	28
11105	52
11115	36
11125	39
11135	31
11145	33
11155	34
11165	37
11175	40
11185	27
11195	41
11205	36
11215	32
11225	26
11235	17
11245	30
11255	25
11265	36
11275	33
11285	34
11295	25
11305	32
11315	37
11325	27
11335	31
11345	34
11355	25
11365	33
11375	30
11385	28
11395	21
11405	31
11415	35
11425	32
11435	19
11445	31
11455	24
11465	21
11475	33
11485	20
11495	27
11505	21
11515	25
11525	21
11535	34
11545	21
11555	24
11565	21
11575	20
11585	23
11595	20
11605	15
11615	22
11625	22
11635	16
11645	11
11655	15
11665	19
11675	25
11685	19
11695	23
11705	23
11715	15
11725	15
11735	19
11745	22
11755	17
11765	20
11775	19
11785	20
11795	13
11805	16
11815	22
11825	11
11835	18
11845	18
11855	13
11865	21
11875	13
11885	15
11895	12
11905	12
11915	13
11925	8
11935	10
11945	20
11955	18
11965	14
11975	16
11985	14
11995	19
12005	19
12015	11
12025	6
12035	5
12045	5
12055	10
12065	12
12075	11
12085	7
12095	8
12105	9
12115	8
12125	3
12135	4
12145	5
12155	6
12165	9
12175	6
12185	9
12195	6
12205	0
12215	7
12225	5
12235	4
12245	4
12255	8
12265	10
12275	5
12285	6
12295	7
12305	4
12315	3
12325	3
12335	4
12345	4
12355	5
12365	3
12375	6
12385	2
12395	5
12405	3
12415	4
12425	3
12435	4
12445	3
12455	2
12465	3
12475	1
12485	6
12495	1
12505	3
12515	5
12525	0
12535	2
12545	2
12555	3
12565	2
12575	5
12585	6
12595	1
12605	1
12615	1
12625	5
12635	2
12645	1
12655	3
12665	2
12675	2
12685	1
12695	1
12705	3
12715	0
12725	3
12735	3
12745	3
12755	0
12765	1
12775	0
12785	1
12795	0
12805	1
12815	2
12825	2
12835	3
12845	2
12855	0
12865	0
12875	2
12885	1
12895	0
12905	0
12915	1
12925	0
12935	0
12945	1
12955	1
12965	3
12975	0
12985	0
12995	0
13005	0
13015	2
13025	0
13035	0
13045	0
13055	0
13065	1
13075	0
13085	2
13095	0
13105	0
13115	0
13125	0
13135	0
13145	1
13155	0
13165	0
13175	2
13185	0
13195	1
13205	0
13215	2
13225	1
13235	0
13245	1
13255	1
13265	0
13275	0
13285	0
13295	0
13305	0
13315	0
13325	0
13335	1
13345	1
13355	0
13365	0
13375	1
13385	0
13395	0
13405	2
13415	1
13425	1
13435	0
13445	0
13455	1
13465	0
13475	0
13485	0
13495	0
13505	0
13515	0
13525	0
13535	0
13545	1
13555	0
13565	0
13575	2
13585	0
13595	0
13605	0
13615	0
13625	0
13635	0
13645	0
13655	1
13665	0
13675	0
13685	1
13695	0
13705	0
13715	0
13725	0
13735	1
13745	0
13755	2
13765	0
13775	0
13785	0
13795	0
13805	0
13815	2
13825	0
13835	0
13845	0
13855	1
13865	0
13875	1
13885	1
13895	0
13905	1
13915	0
13925	0
13935	0
13945	0
13955	0
13965	0
13975	0
13985	0
13995	0
14005	0
14015	1
14025	0
14035	0
14045	0
14055	0
14065	0
14075	1
14085	0
14095	0
14105	0
14115	1
14125	0
14135	0
14145	0
14155	1
14165	1
14175	0
14185	0
14195	0
14205	0
14215	0
14225	0
14235	0
14245	0
14255	0
14265	0
14275	0
14285	0
14295	0
14305	0
14315	2
14325	0
14335	1
14345	0
14355	1
14365	0
14375	0
14385	0
14395	0
14405	0
14415	0
14425	0
14435	0
14445	0
14455	0
14465	0
14475	1
14485	2
14495	0
14505	0
14515	0
14525	1
14535	0
14545	1
14555	0
14565	0
14575	0
14585	0
14595	1
14605	0
14615	0
14625	0
14635	0
14645	0
14655	0
14665	0
14675	0
14685	0
14695	0
14705	0
14715	0
14725	0
14735	0
14745	0
14755	0
14765	1
14775	0
14785	1
14795	0
14805	2
14815	2
14825	0
14835	0
14845	0
14855	0
14865	0
14875	0
14885	0
14895	0
14905	0
14915	0
14925	0
14935	0
14945	0
14955	0
14965	1
14975	0
14985	1
14995	1
15005	1
15015	0
15025	1
15035	0
15045	0
15055	0
15065	0
15075	0
15085	0
15095	1
15105	0
15115	0
15125	0
15135	0
15145	0
15155	0
15165	0
15175	0
15185	1
15195	0
15205	0
15215	1
15225	0
15235	0
15245	0
15255	0
15265	0
15275	0
15285	0
15295	1
15305	0
15315	0
15325	0
15335	0
15345	0
15355	0
15365	0
15375	0
15385	1
15395	0
15405	0
15415	0
15425	0
15435	0
15445	0
15455	0
15465	0
15475	0
15485	2
15495	0
15505	0
15515	0
15525	0
15535	0
15545	0
15555	0
15565	1
15575	0
15585	0
15595	0
15605	1
15615	0
15625	1
15635	1
15645	0
15655	2
15665	0
15675	0
15685	0
15695	0
15705	0
15715	1
15725	0
15735	0
15745	0
15755	0
15765	0
15775	0
15785	0
15795	0
15805	0
15815	0
15825	0
15835	0
15845	1
15855	0
15865	0
15875	0
15885	0
15895	0
15905	0
15915	0
15925	0
15935	2
15945	1
15955	0
15965	0
15975	1
15985	1
15995	0
16005	0
16015	0
16025	0
16035	0
16045	0
16055	0
16065	0
16075	0
16085	1
16095	0
16105	0
16115	0
16125	0
16135	0
16145	0
16155	0
16165	0
16175	1
16185	0
16195	0
16205	0
16215	0
16225	0
16235	0
16245	0
16255	0
16265	0
16275	1
16285	0
16295	0
16305	1
16315	0
16325	0
16335	0
16345	0
16355	0
16365	0
16375	0
16385	0
16395	0
16405	0
16415	0
16425	0
16435	1
16445	0
16455	0
16465	0
16475	0
16485	0
16495	0
16505	0
16515	0
16525	0
16535	0
16545	0
16555	0
16565	0
16575	0
16585	0
16595	1
16605	1
16615	0
16625	0
16635	0
16645	0
16655	0
16665	0
16675	0
16685	0
16695	0
16705	0
16715	0
16725	1
16735	0
16745	0
16755	0
16765	0
16775	0
16785	0
16795	0
16805	0
16815	0
16825	0
16835	0
16845	0
16855	0
16865	1
16875	0
16885	0
16895	0
16905	0
16915	0
16925	0
16935	0
16945	0
16955	0
16965	0
16975	0
16985	0
16995	1
17005	0
17015	0
17025	0
17035	0
17045	0
17055	0
17065	1
17075	0
17085	0
17095	0
17105	0
17115	0
17125	0
17135	0
17145	0
17155	0
17165	0
17175	1
17185	0
17195	0
17205	0
17215	0
17225	0
17235	0
17245	0
17255	0
17265	1
17275	0
17285	0
17295	0
17305	0
17315	0
17325	1
17335	0
17345	0
17355	0
17365	0
17375	0
17385	0
17395	0
17405	0
17415	1
17425	0
17435	0
17445	0
17455	0
17465	0
17475	0
17485	0
17495	0
17505	0
17515	0
17525	0
17535	0
17545	0
17555	0
17565	0
17575	0
17585	0
17595	1
17605	0
17615	0
17625	0
17635	0
17645	0
17655	0
17665	0
17675	0
17685	0
17695	0
17705	0
17715	0
17725	0
17735	0
17745	1
17755	0
17765	0
17775	0
17785	0
17795	0
17805	0
17815	1
17825	0
17835	0
17845	0
17855	0
17865	0
17875	0
17885	0
17895	0
17905	0
17915	0
17925	0
17935	0
17945	0
17955	0
17965	0
17975	0
17985	0
17995	0
18005	0
18015	0
18025	0
18035	0
18045	0
18055	0
18065	0
18075	0
18085	0
18095	0
18105	0
18115	0
18125	0
18135	0
18145	0
18155	0
18165	0
18175	0
18185	0
18195	0
18205	0
18215	0
18225	0
18235	0
18245	0
18255	0
18265	0
18275	0
18285	0
18295	0
18305	0
18315	0
18325	0
18335	0
18345	1
18355	0
18365	1
18375	0
18385	0
18395	1
18405	0
18415	0
18425	0
18435	0
18445	0
18455	0
18465	0
18475	0
18485	0
18495	0
18505	1
18515	0
18525	0
18535	0
18545	0
18555	0
18565	0
18575	0
18585	0
18595	0
18605	0
18615	0
18625	0
18635	0
18645	0
18655	0
18665	0
18675	0
18685	0
18695	0
18705	0
18715	0
18725	0
18735	0
18745	0
18755	0
18765	0
18775	0
18785	0
18795	0
18805	0
18815	0
18825	1
18835	0
18845	0
18855	0
18865	0
18875	0
18885	0
18895	0
18905	0
18915	0
18925	0
18935	0
18945	0
18955	0
18965	0
18975	0
18985	0
18995	0
19005	0
19015	0
19025	0
19035	0
19045	0
19055	0
19065	0
19075	0
19085	0
19095	0
19105	0
19115	0
19125	0
19135	0
19145	0
19155	0
19165	0
19175	0
19185	0
19195	0
19205	0
19215	0
19225	0
19235	0
19245	0
19255	0
19265	0
19275	0
19285	0
19295	0
19305	0
19315	0
19325	0
19335	0
19345	0
19355	0
19365	0
19375	0
19385	0
19395	0
19405	0
19415	0
19425	0
19435	0
19445	1
19455	0
19465	0
19475	0
19485	0
19495	0
