ADC Channels - Charge distribution	Counts - Charge distribution
-495	0
-485	0
-475	0
-465	0
-455	0
-445	0
-435	0
-425	0
-415	0
-405	0
-395	0
-385	0
-375	1
-365	0
-355	0
-345	0
-335	0
-325	0
-315	0
-305	0
-295	0
-285	0
-275	0
-265	0
-255	0
-245	0
-235	0
-225	0
-215	0
-205	0
-195	0
-185	0
-175	0
-165	0
-155	0
-145	0
-135	0
-125	0
-115	0
-105	0
-95	0
-85	0
-75	0
-65	0
-55	0
-45	0
-35	0
-25	0
-15	0
-5	0
5	1
15	0
25	0
35	0
45	1
55	1
65	1
75	1
85	1
95	6
105	4
115	5
125	6
135	13
145	7
155	9
165	11
175	13
185	11
195	17
205	17
215	11
225	17
235	16
245	16
255	29
265	18
275	22
285	26
295	14
305	23
315	20
325	15
335	17
345	18
355	24
365	23
375	27
385	18
395	25
405	17
415	27
425	20
435	18
445	26
455	24
465	19
475	16
485	16
495	20
505	20
515	23
525	16
535	23
545	29
555	14
565	17
575	19
585	17
595	12
605	25
615	19
625	18
635	25
645	16
655	13
665	19
675	23
685	31
695	16
705	21
715	13
725	18
735	21
745	19
755	26
765	13
775	18
785	25
795	25
805	24
815	21
825	18
835	22
845	14
855	17
865	21
875	16
885	20
895	21
905	19
915	29
925	20
935	15
945	18
955	14
965	16
975	16
985	19
995	19
1005	25
1015	20
1025	16
1035	17
1045	17
1055	22
1065	19
1075	14
1085	22
1095	16
1105	19
1115	18
1125	21
1135	25
1145	28
1155	20
1165	23
1175	20
1185	16
1195	25
1205	27
1215	15
1225	20
1235	19
1245	23
1255	23
1265	19
1275	16
1285	23
1295	22
1305	22
1315	15
1325	31
1335	26
1345	25
1355	28
1365	25
1375	23
1385	25
1395	29
1405	15
1415	12
1425	25
1435	18
1445	28
1455	27
1465	32
1475	29
1485	23
1495	13
1505	14
1515	24
1525	28
1535	24
1545	13
1555	20
1565	32
1575	34
1585	19
1595	32
1605	21
1615	21
1625	28
1635	29
1645	24
1655	29
1665	16
1675	15
1685	26
1695	23
1705	35
1715	32
1725	25
1735	21
1745	33
1755	28
1765	25
1775	30
1785	26
1795	25
1805	23
1815	25
1825	28
1835	23
1845	30
1855	23
1865	22
1875	25
1885	26
1895	28
1905	20
1915	21
1925	23
1935	25
1945	23
1955	23
1965	20
1975	26
1985	36
1995	29
2005	16
2015	32
2025	22
2035	30
2045	31
2055	33
2065	20
2075	18
2085	27
2095	34
2105	26
2115	30
2125	27
2135	30
2145	23
2155	33
2165	22
2175	24
2185	18
2195	35
2205	20
2215	31
2225	26
2235	31
2245	22
2255	26
2265	29
2275	36
2285	28
2295	20
2305	42
2315	24
2325	26
2335	31
2345	26
2355	39
2365	29
2375	36
2385	37
2395	31
2405	33
2415	32
2425	27
2435	35
2445	33
2455	30
2465	25
2475	22
2485	21
2495	26
2505	28
2515	33
2525	36
2535	27
2545	27
2555	29
2565	27
2575	27
2585	34
2595	29
2605	40
2615	29
2625	28
2635	32
2645	38
2655	33
2665	30
2675	29
2685	34
2695	32
2705	36
2715	29
2725	28
2735	38
2745	39
2755	36
2765	48
2775	38
2785	40
2795	35
2805	34
2815	33
2825	34
2835	30
2845	36
2855	40
2865	35
2875	37
2885	39
2895	49
2905	42
2915	40
2925	28
2935	41
2945	38
2955	44
2965	37
2975	44
2985	48
2995	48
3005	52
3015	27
3025	47
3035	33
3045	47
3055	42
3065	42
3075	49
3085	35
3095	51
3105	39
3115	53
3125	52
3135	39
3145	37
3155	37
3165	35
3175	52
3185	47
3195	62
3205	42
3215	46
3225	56
3235	50
3245	34
3255	38
3265	42
3275	50
3285	42
3295	37
3305	44
3315	43
3325	45
3335	43
3345	38
3355	47
3365	35
3375	43
3385	41
3395	36
3405	57
3415	41
3425	37
3435	40
3445	40
3455	46
3465	40
3475	41
3485	51
3495	40
3505	37
3515	48
3525	35
3535	38
3545	38
3555	40
3565	38
3575	46
3585	36
3595	25
3605	37
3615	47
3625	45
3635	39
3645	49
3655	43
3665	32
3675	40
3685	40
3695	37
3705	55
3715	35
3725	35
3735	38
3745	38
3755	26
3765	34
3775	40
3785	33
3795	40
3805	45
3815	29
3825	33
3835	44
3845	39
3855	38
3865	34
3875	30
3885	39
3895	25
3905	37
3915	31
3925	35
3935	41
3945	27
3955	36
3965	28
3975	29
3985	25
3995	30
4005	24
4015	24
4025	36
4035	40
4045	32
4055	37
4065	29
4075	33
4085	18
4095	40
4105	32
4115	27
4125	34
4135	38
4145	36
4155	26
4165	34
4175	38
4185	31
4195	31
4205	32
4215	34
4225	29
4235	25
4245	25
4255	39
4265	25
4275	35
4285	31
4295	21
4305	26
4315	24
4325	27
4335	29
4345	29
4355	32
4365	25
4375	27
4385	28
4395	23
4405	31
4415	27
4425	27
4435	30
4445	28
4455	16
4465	27
4475	25
4485	23
4495	25
4505	22
4515	31
4525	26
4535	30
4545	24
4555	38
4565	22
4575	31
4585	24
4595	27
4605	28
4615	24
4625	37
4635	21
4645	24
4655	27
4665	27
4675	34
4685	37
4695	38
4705	26
4715	31
4725	37
4735	27
4745	26
4755	29
4765	34
4775	19
4785	14
4795	36
4805	26
4815	23
4825	23
4835	25
4845	30
4855	37
4865	29
4875	24
4885	16
4895	23
4905	35
4915	22
4925	20
4935	30
4945	31
4955	33
4965	30
4975	34
4985	28
4995	19
5005	27
5015	18
5025	26
5035	28
5045	32
5055	22
5065	37
5075	24
5085	27
5095	25
5105	23
5115	28
5125	26
5135	29
5145	25
5155	38
5165	28
5175	24
5185	39
5195	29
5205	31
5215	17
5225	21
5235	33
5245	28
5255	21
5265	26
5275	23
5285	27
5295	25
5305	26
5315	18
5325	27
5335	29
5345	33
5355	30
5365	31
5375	23
5385	14
5395	24
5405	28
5415	31
5425	28
5435	19
5445	31
5455	35
5465	26
5475	20
5485	29
5495	31
5505	22
5515	29
5525	23
5535	21
5545	32
5555	34
5565	27
5575	24
5585	38
5595	27
5605	30
5615	27
5625	27
5635	28
5645	32
5655	30
5665	21
5675	24
5685	26
5695	34
5705	24
5715	27
5725	25
5735	21
5745	25
5755	28
5765	29
5775	28
5785	26
5795	28
5805	24
5815	24
5825	28
5835	18
5845	22
5855	25
5865	24
5875	23
5885	31
5895	26
5905	21
5915	29
5925	18
5935	21
5945	23
5955	31
5965	19
5975	25
5985	29
5995	16
6005	19
6015	12
6025	24
6035	24
6045	25
6055	23
6065	16
6075	13
6085	23
6095	18
6105	16
6115	27
6125	14
6135	15
6145	24
6155	22
6165	29
6175	31
6185	14
6195	18
6205	23
6215	13
6225	19
6235	24
6245	28
6255	20
6265	14
6275	22
6285	27
6295	22
6305	16
6315	18
6325	24
6335	23
6345	14
6355	12
6365	16
6375	10
6385	18
6395	21
6405	8
6415	17
6425	19
6435	10
6445	20
6455	20
6465	24
6475	27
6485	21
6495	19
6505	18
6515	16
6525	20
6535	17
6545	15
6555	16
6565	13
6575	29
6585	16
6595	14
6605	20
6615	12
6625	18
6635	20
6645	11
6655	8
6665	20
6675	15
6685	21
6695	22
6705	15
6715	20
6725	20
6735	11
6745	12
6755	21
6765	16
6775	16
6785	19
6795	18
6805	17
6815	18
6825	21
6835	15
6845	15
6855	13
6865	18
6875	12
6885	14
6895	18
6905	15
6915	21
6925	17
6935	14
6945	22
6955	19
6965	21
6975	11
6985	22
6995	20
7005	15
7015	18
7025	22
7035	13
7045	12
7055	6
7065	12
7075	30
7085	15
7095	22
7105	24
7115	12
7125	18
7135	14
7145	11
7155	18
7165	12
7175	11
7185	20
7195	20
7205	18
7215	19
7225	28
7235	22
7245	19
7255	23
7265	25
7275	15
7285	26
7295	28
7305	12
7315	15
7325	14
7335	17
7345	22
7355	26
7365	20
7375	17
7385	19
7395	27
7405	21
7415	17
7425	18
7435	18
7445	27
7455	26
7465	20
7475	27
7485	20
7495	28
7505	18
7515	26
7525	27
7535	32
7545	35
7555	36
7565	24
7575	32
7585	28
7595	21
7605	33
7615	28
7625	38
7635	35
7645	34
7655	30
7665	36
7675	32
7685	40
7695	35
7705	31
7715	35
7725	38
7735	32
7745	40
7755	45
7765	45
7775	37
7785	43
7795	48
7805	45
7815	37
7825	44
7835	43
7845	50
7855	29
7865	44
7875	38
7885	44
7895	55
7905	57
7915	57
7925	57
7935	52
7945	43
7955	55
7965	60
7975	70
7985	45
7995	48
8005	55
8015	51
8025	66
8035	43
8045	56
8055	78
8065	46
8075	62
8085	66
8095	65
8105	78
8115	54
8125	57
8135	63
8145	68
8155	84
8165	73
8175	80
8185	67
8195	67
8205	60
8215	80
8225	56
8235	78
8245	67
8255	64
8265	82
8275	75
8285	75
8295	75
8305	76
8315	74
8325	78
8335	69
8345	66
8355	85
8365	80
8375	74
8385	83
8395	69
8405	71
8415	87
8425	92
8435	81
8445	69
8455	59
8465	78
8475	69
8485	75
8495	80
8505	91
8515	67
8525	71
8535	55
8545	79
8555	57
8565	73
8575	61
8585	72
8595	75
8605	68
8615	68
8625	75
8635	67
8645	53
8655	47
8665	53
8675	53
8685	60
8695	54
8705	55
8715	58
8725	53
8735	49
8745	56
8755	48
8765	47
8775	55
8785	53
8795	48
8805	42
8815	43
8825	36
8835	37
8845	36
8855	48
8865	45
8875	54
8885	46
8895	46
8905	37
8915	27
8925	37
8935	28
8945	27
8955	50
8965	42
8975	26
8985	24
8995	39
9005	38
9015	35
9025	37
9035	35
9045	38
9055	26
9065	39
9075	21
9085	33
9095	17
9105	29
9115	30
9125	33
9135	17
9145	20
9155	20
9165	19
9175	15
9185	29
9195	19
9205	15
9215	26
9225	23
9235	15
9245	21
9255	23
9265	15
9275	19
9285	16
9295	18
9305	15
9315	19
9325	16
9335	15
9345	14
9355	22
9365	15
9375	19
9385	20
9395	13
9405	17
9415	8
9425	19
9435	16
9445	15
9455	19
9465	20
9475	16
9485	12
9495	10
9505	10
9515	10
9525	9
9535	10
9545	8
9555	8
9565	14
9575	13
9585	12
9595	20
9605	15
9615	15
9625	16
9635	19
9645	13
9655	16
9665	9
9675	11
9685	11
9695	15
9705	17
9715	14
9725	12
9735	11
9745	15
9755	8
9765	18
9775	7
9785	19
9795	10
9805	13
9815	12
9825	12
9835	11
9845	8
9855	11
9865	12
9875	14
9885	10
9895	17
9905	13
9915	9
9925	11
9935	10
9945	9
9955	14
9965	13
9975	15
9985	16
9995	12
10005	10
10015	12
10025	9
10035	7
10045	16
10055	9
10065	10
10075	12
10085	11
10095	17
10105	8
10115	10
10125	6
10135	7
10145	10
10155	7
10165	8
10175	13
10185	11
10195	9
10205	15
10215	11
10225	10
10235	10
10245	9
10255	9
10265	10
10275	10
10285	11
10295	11
10305	13
10315	12
10325	21
10335	9
10345	6
10355	6
10365	9
10375	13
10385	11
10395	13
10405	9
10415	20
10425	11
10435	12
10445	19
10455	11
10465	7
10475	18
10485	10
10495	10
10505	5
10515	11
10525	10
10535	5
10545	7
10555	8
10565	12
10575	13
10585	11
10595	6
10605	8
10615	16
10625	9
10635	15
10645	11
10655	7
10665	5
10675	11
10685	5
10695	8
10705	10
10715	19
10725	10
10735	9
10745	11
10755	8
10765	6
10775	13
10785	10
10795	11
10805	10
10815	12
10825	5
10835	8
10845	7
10855	12
10865	8
10875	11
10885	10
10895	8
10905	9
10915	9
10925	12
10935	10
10945	10
10955	10
10965	10
10975	11
10985	8
10995	8
11005	7
11015	13
11025	8
11035	9
11045	6
11055	9
11065	11
11075	9
11085	13
11095	9
11105	8
11115	10
11125	9
11135	12
11145	13
11155	11
11165	15
11175	10
11185	8
11195	11
11205	12
11215	8
11225	10
11235	6
11245	9
11255	14
11265	10
11275	11
11285	5
11295	5
11305	7
11315	10
11325	15
11335	4
11345	9
11355	11
11365	11
11375	12
11385	8
11395	5
11405	5
11415	13
11425	6
11435	12
11445	10
11455	6
11465	5
11475	8
11485	8
11495	12
11505	8
11515	5
11525	13
11535	14
11545	8
11555	6
11565	14
11575	8
11585	8
11595	7
11605	9
11615	8
11625	9
11635	8
11645	9
11655	6
11665	8
11675	11
11685	9
11695	8
11705	10
11715	8
11725	3
11735	10
11745	8
11755	4
11765	6
11775	8
11785	7
11795	7
11805	5
11815	8
11825	6
11835	8
11845	10
11855	9
11865	6
11875	5
11885	7
11895	6
11905	11
11915	9
11925	3
11935	7
11945	13
11955	5
11965	3
11975	13
11985	4
11995	10
12005	9
12015	7
12025	9
12035	6
12045	6
12055	12
12065	10
12075	7
12085	7
12095	11
12105	14
12115	4
12125	9
12135	5
12145	9
12155	7
12165	8
12175	2
12185	8
12195	6
12205	7
12215	7
12225	8
12235	7
12245	6
12255	2
12265	1
12275	10
12285	7
12295	9
12305	6
12315	8
12325	9
12335	8
12345	6
12355	7
12365	2
12375	11
12385	3
12395	7
12405	4
12415	7
12425	6
12435	7
12445	6
12455	8
12465	11
12475	7
12485	5
12495	7
12505	7
12515	3
12525	3
12535	3
12545	8
12555	6
12565	3
12575	9
12585	3
12595	4
12605	5
12615	4
12625	9
12635	3
12645	4
12655	7
12665	6
12675	8
12685	7
12695	8
12705	10
12715	4
12725	6
12735	6
12745	5
12755	6
12765	7
12775	7
12785	6
12795	6
12805	7
12815	2
12825	5
12835	6
12845	2
12855	7
12865	8
12875	5
12885	8
12895	11
12905	4
12915	11
12925	9
12935	1
12945	6
12955	8
12965	9
12975	6
12985	8
12995	4
13005	7
13015	6
13025	5
13035	5
13045	6
13055	6
13065	5
13075	3
13085	5
13095	2
13105	2
13115	5
13125	4
13135	6
13145	6
13155	7
13165	8
13175	4
13185	5
13195	4
13205	2
13215	3
13225	4
13235	7
13245	2
13255	10
13265	4
13275	7
13285	10
13295	8
13305	11
13315	5
13325	3
13335	4
13345	2
13355	8
13365	6
13375	5
13385	5
13395	3
13405	1
13415	7
13425	5
13435	6
13445	7
13455	7
13465	8
13475	8
13485	5
13495	5
13505	7
13515	6
13525	11
13535	4
13545	8
13555	6
13565	5
13575	3
13585	1
13595	5
13605	3
13615	11
13625	8
13635	5
13645	7
13655	7
13665	3
13675	4
13685	5
13695	6
13705	5
13715	3
13725	5
13735	7
13745	5
13755	9
13765	10
13775	4
13785	4
13795	7
13805	7
13815	6
13825	8
13835	9
13845	4
13855	8
13865	5
13875	5
13885	6
13895	6
13905	3
13915	3
13925	6
13935	2
13945	8
13955	2
13965	2
13975	3
13985	2
13995	2
14005	5
14015	2
14025	4
14035	5
14045	2
14055	7
14065	7
14075	3
14085	1
14095	4
14105	8
14115	8
14125	3
14135	4
14145	4
14155	5
14165	5
14175	4
14185	5
14195	6
14205	4
14215	7
14225	6
14235	0
14245	4
14255	5
14265	2
14275	3
14285	7
14295	1
14305	9
14315	6
14325	6
14335	6
14345	6
14355	8
14365	5
14375	8
14385	3
14395	3
14405	10
14415	5
14425	5
14435	3
14445	4
14455	1
14465	4
14475	5
14485	2
14495	4
14505	7
14515	3
14525	7
14535	7
14545	5
14555	5
14565	3
14575	6
14585	4
14595	4
14605	5
14615	7
14625	2
14635	5
14645	9
14655	5
14665	6
14675	2
14685	3
14695	4
14705	9
14715	7
14725	4
14735	3
14745	8
14755	3
14765	6
14775	7
14785	8
14795	1
14805	1
14815	2
14825	7
14835	8
14845	6
14855	6
14865	6
14875	3
14885	6
14895	3
14905	2
14915	3
14925	5
14935	5
14945	4
14955	6
14965	5
14975	3
14985	5
14995	6
15005	2
15015	7
15025	6
15035	3
15045	4
15055	5
15065	7
15075	7
15085	0
15095	3
15105	6
15115	3
15125	1
15135	6
15145	4
15155	6
15165	4
15175	4
15185	2
15195	4
15205	3
15215	8
15225	5
15235	5
15245	4
15255	6
15265	7
15275	6
15285	3
15295	3
15305	4
15315	4
15325	8
15335	6
15345	4
15355	6
15365	5
15375	7
15385	5
15395	3
15405	7
15415	5
15425	5
15435	6
15445	5
15455	5
15465	4
15475	7
15485	6
15495	3
15505	5
15515	4
15525	4
15535	5
15545	5
15555	2
15565	10
15575	2
15585	3
15595	2
15605	3
15615	5
15625	2
15635	3
15645	3
15655	6
15665	2
15675	7
15685	5
15695	7
15705	6
15715	5
15725	7
15735	7
15745	4
15755	5
15765	2
15775	5
15785	3
15795	7
15805	5
15815	4
15825	4
15835	3
15845	7
15855	3
15865	3
15875	3
15885	5
15895	2
15905	5
15915	4
15925	4
15935	7
15945	4
15955	3
15965	0
15975	4
15985	5
15995	1
16005	4
16015	7
16025	2
16035	5
16045	7
16055	3
16065	3
16075	6
16085	5
16095	3
16105	6
16115	3
16125	4
16135	3
16145	6
16155	4
16165	1
16175	5
16185	6
16195	1
16205	4
16215	4
16225	2
16235	2
16245	6
16255	4
16265	2
16275	4
16285	5
16295	4
16305	1
16315	2
16325	4
16335	0
16345	3
16355	1
16365	7
16375	3
16385	5
16395	4
16405	3
16415	3
16425	2
16435	5
16445	5
16455	1
16465	2
16475	3
16485	4
16495	2
16505	1
16515	6
16525	2
16535	2
16545	1
16555	4
16565	8
16575	3
16585	3
16595	5
16605	4
16615	2
16625	4
16635	3
16645	2
16655	3
16665	3
16675	3
16685	6
16695	6
16705	4
16715	7
16725	2
16735	1
16745	5
16755	0
16765	3
16775	2
16785	3
16795	5
16805	3
16815	1
16825	2
16835	6
16845	2
16855	3
16865	6
16875	2
16885	1
16895	5
16905	5
16915	1
16925	3
16935	2
16945	2
16955	2
16965	3
16975	0
16985	4
16995	5
17005	1
17015	4
17025	2
17035	3
17045	1
17055	3
17065	0
17075	3
17085	5
17095	1
17105	2
17115	4
17125	6
17135	1
17145	2
17155	2
17165	4
17175	3
17185	2
17195	1
17205	1
17215	4
17225	2
17235	3
17245	1
17255	2
17265	4
17275	3
17285	0
17295	3
17305	1
17315	1
17325	1
17335	1
17345	5
17355	2
17365	5
17375	5
17385	1
17395	2
17405	2
17415	3
17425	2
17435	1
17445	1
17455	2
17465	2
17475	2
17485	0
17495	0
17505	0
17515	1
17525	2
17535	1
17545	0
17555	2
17565	1
17575	0
17585	1
17595	0
17605	1
17615	3
17625	0
17635	0
17645	2
17655	0
17665	0
17675	3
17685	0
17695	1
17705	0
17715	0
17725	1
17735	1
17745	0
17755	0
17765	1
17775	0
17785	1
17795	1
17805	1
17815	0
17825	0
17835	3
17845	2
17855	0
17865	0
17875	0
17885	0
17895	1
17905	0
17915	2
17925	1
17935	0
17945	2
17955	3
17965	0
17975	2
17985	1
17995	0
18005	1
18015	2
18025	1
18035	0
18045	1
18055	2
18065	3
18075	2
18085	0
18095	2
18105	0
18115	1
18125	2
18135	1
18145	2
18155	0
18165	0
18175	2
18185	2
18195	0
18205	1
18215	0
18225	1
18235	3
18245	0
18255	1
18265	3
18275	3
18285	0
18295	1
18305	1
18315	2
18325	0
18335	0
18345	2
18355	2
18365	2
18375	3
18385	2
18395	0
18405	5
18415	0
18425	2
18435	4
18445	1
18455	2
18465	3
18475	2
18485	1
18495	3
18505	5
18515	0
18525	2
18535	1
18545	1
18555	3
18565	3
18575	2
18585	2
18595	5
18605	5
18615	2
18625	2
18635	3
18645	2
18655	5
18665	5
18675	2
18685	6
18695	3
18705	2
18715	4
18725	2
18735	1
18745	8
18755	1
18765	4
18775	4
18785	5
18795	7
18805	2
18815	3
18825	4
18835	4
18845	6
18855	4
18865	4
18875	4
18885	6
18895	2
18905	5
18915	2
18925	1
18935	3
18945	2
18955	3
18965	5
18975	3
18985	6
18995	6
19005	8
19015	2
19025	2
19035	5
19045	7
19055	4
19065	2
19075	4
19085	3
19095	6
19105	4
19115	1
19125	2
19135	6
19145	2
19155	6
19165	4
19175	8
19185	4
19195	9
19205	9
19215	7
19225	4
19235	4
19245	9
19255	3
19265	6
19275	5
19285	8
19295	4
19305	7
19315	8
19325	7
19335	5
19345	5
19355	4
19365	5
19375	10
19385	3
19395	6
19405	4
19415	8
19425	4
19435	3
19445	3
19455	10
19465	7
19475	5
19485	8
19495	2
