ADC Channel - Charge distribution	Counts - Charge distribution
-495	0
-485	1
-475	0
-465	0
-455	0
-445	1
-435	1
-425	1
-415	2
-405	1
-395	1
-385	0
-375	1
-365	1
-355	0
-345	2
-335	4
-325	4
-315	3
-305	1
-295	3
-285	1
-275	3
-265	5
-255	7
-245	13
-235	5
-225	10
-215	8
-205	8
-195	9
-185	9
-175	5
-165	5
-155	9
-145	18
-135	8
-125	9
-115	6
-105	12
-95	8
-85	11
-75	16
-65	30
-55	50
-45	49
-35	106
-25	146
-15	205
-5	302
5	362
15	505
25	578
35	720
45	928
55	1022
65	1174
75	1381
85	1493
95	1610
105	1696
115	1820
125	1857
135	1885
145	1953
155	1856
165	1839
175	1762
185	1632
195	1495
205	1494
215	1394
225	1216
235	1201
245	1031
255	887
265	828
275	764
285	683
295	635
305	547
315	529
325	457
335	395
345	338
355	284
365	290
375	288
385	240
395	214
405	227
415	201
425	159
435	159
445	118
455	134
465	100
475	107
485	92
495	91
505	76
515	78
525	78
535	65
545	75
555	91
565	94
575	80
585	96
595	96
605	122
615	132
625	154
635	161
645	187
655	221
665	210
675	233
685	265
695	305
705	331
715	374
725	406
735	432
745	492
755	579
765	630
775	667
785	739
795	837
805	865
815	930
825	999
835	1094
845	1198
855	1306
865	1299
875	1297
885	1401
895	1481
905	1428
915	1517
925	1567
935	1631
945	1557
955	1590
965	1593
975	1620
985	1540
995	1523
1005	1539
1015	1470
1025	1400
1035	1421
1045	1334
1055	1318
1065	1237
1075	1257
1085	1116
1095	1078
1105	976
1115	929
1125	851
1135	774
1145	729
1155	714
1165	636
1175	595
1185	563
1195	481
1205	455
1215	426
1225	371
1235	320
1245	265
1255	274
1265	217
1275	227
1285	211
1295	166
1305	169
1315	155
1325	96
1335	93
1345	96
1355	89
1365	68
1375	64
1385	54
1395	61
1405	55
1415	53
1425	29
1435	41
1445	45
1455	34
1465	15
1475	28
1485	23
1495	18
1505	21
1515	13
1525	22
1535	13
1545	18
1555	21
1565	23
1575	16
1585	13
1595	21
1605	16
1615	14
1625	15
1635	13
1645	14
1655	19
1665	15
1675	24
1685	26
1695	14
1705	26
1715	30
1725	35
1735	25
1745	18
1755	26
1765	31
1775	41
1785	41
1795	36
1805	31
1815	32
1825	30
1835	33
1845	33
1855	43
1865	30
1875	30
1885	28
1895	42
1905	30
1915	26
1925	28
1935	29
1945	42
1955	29
1965	34
1975	29
1985	17
1995	33
2005	31
2015	17
2025	27
2035	34
2045	32
2055	27
2065	33
2075	24
2085	29
2095	25
2105	22
2115	16
2125	16
2135	17
2145	21
2155	20
2165	13
2175	15
2185	22
2195	12
2205	14
2215	14
2225	10
2235	9
2245	10
2255	11
2265	5
2275	7
2285	9
2295	7
2305	5
2315	8
2325	10
2335	2
2345	1
2355	4
2365	4
2375	3
2385	2
2395	5
2405	4
2415	3
2425	1
2435	3
2445	1
2455	2
2465	1
2475	0
2485	0
2495	2
2505	2
2515	2
2525	1
2535	1
2545	1
2555	0
2565	1
2575	2
2585	0
2595	0
2605	0
2615	0
2625	1
2635	1
2645	1
2655	1
2665	0
2675	2
2685	0
2695	1
2705	0
2715	0
2725	0
2735	0
2745	0
2755	2
2765	0
2775	1
2785	0
2795	2
2805	0
2815	0
2825	1
2835	0
2845	0
2855	0
2865	1
2875	1
2885	1
2895	1
2905	0
2915	1
2925	1
2935	1
2945	0
2955	0
2965	1
2975	3
2985	2
2995	0
3005	2
3015	0
3025	2
3035	1
3045	1
3055	0
3065	0
3075	1
3085	0
3095	0
3105	1
3115	1
3125	0
3135	0
3145	1
3155	0
3165	0
3175	1
3185	1
3195	1
3205	0
3215	2
3225	0
3235	0
3245	0
3255	0
3265	0
3275	1
3285	0
3295	1
3305	0
3315	0
3325	0
3335	0
3345	0
3355	0
3365	0
3375	0
3385	0
3395	0
3405	0
3415	0
3425	0
3435	0
3445	1
3455	0
3465	0
3475	0
3485	0
3495	0
3505	0
3515	0
3525	0
3535	0
3545	1
3555	0
3565	0
3575	0
3585	0
3595	0
3605	0
3615	0
3625	1
3635	0
3645	0
3655	0
3665	0
3675	0
3685	0
3695	0
3705	0
3715	1
3725	0
3735	1
3745	0
3755	1
3765	0
3775	0
3785	0
3795	0
3805	0
3815	0
3825	0
3835	0
3845	0
3855	0
3865	0
3875	0
3885	0
3895	0
3905	0
3915	0
3925	0
3935	0
3945	0
3955	0
3965	0
3975	0
3985	0
3995	0
4005	0
4015	0
4025	0
4035	0
4045	0
4055	0
4065	0
4075	0
4085	0
4095	0
4105	0
4115	1
4125	0
4135	0
4145	0
4155	0
4165	0
4175	0
4185	0
4195	1
4205	0
4215	0
4225	0
4235	0
4245	0
4255	0
4265	0
4275	0
4285	0
4295	0
4305	0
4315	0
4325	0
4335	0
4345	0
4355	0
4365	1
4375	0
4385	0
4395	0
4405	0
4415	0
4425	0
4435	1
4445	0
4455	1
4465	0
4475	0
4485	0
4495	2
4505	1
4515	0
4525	0
4535	0
4545	0
4555	0
4565	0
4575	1
4585	0
4595	0
4605	0
4615	0
4625	0
4635	0
4645	1
4655	0
4665	0
4675	0
4685	0
4695	0
4705	0
4715	0
4725	1
4735	0
4745	0
4755	0
4765	0
4775	0
4785	1
4795	0
4805	0
4815	0
4825	0
4835	0
4845	0
4855	0
4865	0
4875	0
4885	0
4895	1
4905	0
4915	0
4925	0
4935	0
4945	0
4955	1
4965	0
4975	0
4985	0
4995	1
5005	0
5015	0
5025	0
5035	0
5045	0
5055	0
5065	1
5075	0
5085	0
5095	0
5105	0
5115	0
5125	0
5135	1
5145	0
5155	0
5165	0
5175	0
5185	0
5195	1
5205	0
5215	0
5225	0
5235	0
5245	0
5255	0
5265	0
5275	0
5285	1
5295	0
5305	0
5315	1
5325	1
5335	0
5345	1
5355	1
5365	0
5375	0
5385	0
5395	0
5405	0
5415	0
5425	0
5435	1
5445	0
5455	0
5465	1
5475	0
5485	0
5495	0
5505	0
5515	0
5525	1
5535	0
5545	1
5555	0
5565	0
5575	0
5585	1
5595	0
5605	0
5615	0
5625	1
5635	0
5645	0
5655	0
5665	0
5675	0
5685	1
5695	0
5705	0
5715	2
5725	0
5735	0
5745	0
5755	0
5765	0
5775	0
5785	0
5795	0
5805	1
5815	0
5825	0
5835	1
5845	0
5855	1
5865	0
5875	0
5885	0
5895	2
5905	0
5915	2
5925	0
5935	0
5945	1
5955	0
5965	0
5975	0
5985	0
5995	0
6005	0
6015	0
6025	2
6035	0
6045	0
6055	0
6065	1
6075	0
6085	0
6095	1
6105	0
6115	0
6125	1
6135	0
6145	1
6155	0
6165	0
6175	1
6185	0
6195	1
6205	0
6215	0
6225	0
6235	1
6245	1
6255	0
6265	1
6275	1
6285	1
6295	1
6305	0
6315	0
6325	0
6335	1
6345	0
6355	0
6365	1
6375	0
6385	0
6395	4
6405	1
6415	0
6425	0
6435	0
6445	1
6455	1
6465	0
6475	0
6485	1
6495	0
6505	1
6515	0
6525	2
6535	0
6545	1
6555	1
6565	1
6575	1
6585	0
6595	0
6605	0
6615	0
6625	0
6635	0
6645	1
6655	0
6665	0
6675	0
6685	0
6695	0
6705	0
6715	0
6725	0
6735	0
6745	1
6755	0
6765	1
6775	0
6785	0
6795	0
6805	0
6815	0
6825	0
6835	0
6845	0
6855	0
6865	0
6875	0
6885	0
6895	1
6905	0
6915	1
6925	1
6935	0
6945	0
6955	0
6965	0
6975	0
6985	0
6995	0
7005	0
7015	0
7025	0
7035	0
7045	0
7055	0
7065	0
7075	1
7085	0
7095	0
7105	0
7115	0
7125	0
7135	0
7145	0
7155	0
7165	0
7175	0
7185	0
7195	1
7205	0
7215	0
7225	1
7235	0
7245	0
7255	0
7265	0
7275	1
7285	0
7295	1
7305	0
7315	1
7325	0
7335	0
7345	0
7355	0
7365	0
7375	0
7385	0
7395	1
7405	0
7415	0
7425	1
7435	0
7445	0
7455	0
7465	0
7475	0
7485	0
7495	1
7505	1
7515	0
7525	0
7535	1
7545	1
7555	0
7565	0
7575	0
7585	1
7595	0
7605	0
7615	1
7625	0
7635	0
7645	1
7655	0
7665	1
7675	2
7685	1
7695	0
7705	1
7715	0
7725	0
7735	1
7745	1
7755	0
7765	0
7775	0
7785	0
7795	0
7805	0
7815	0
7825	0
7835	0
7845	0
7855	0
7865	0
7875	0
7885	0
7895	0
7905	1
7915	1
7925	1
7935	0
7945	0
7955	0
7965	0
7975	0
7985	1
7995	0
8005	0
8015	0
8025	1
8035	0
8045	0
8055	0
8065	0
8075	0
8085	2
8095	0
8105	1
8115	0
8125	1
8135	0
8145	0
8155	0
8165	1
8175	0
8185	0
8195	0
8205	0
8215	0
8225	0
8235	0
8245	0
8255	0
8265	0
8275	0
8285	0
8295	0
8305	0
8315	0
8325	0
8335	1
8345	0
8355	0
8365	0
8375	0
8385	0
8395	0
8405	2
8415	1
8425	1
8435	0
8445	0
8455	0
8465	1
8475	1
8485	0
8495	0
8505	0
8515	0
8525	1
8535	0
8545	0
8555	0
8565	0
8575	0
8585	0
8595	0
8605	0
8615	0
8625	0
8635	0
8645	0
8655	0
8665	0
8675	1
8685	0
8695	0
8705	0
8715	0
8725	1
8735	0
8745	2
8755	1
8765	0
8775	1
8785	0
8795	0
8805	0
8815	0
8825	0
8835	1
8845	0
8855	0
8865	0
8875	1
8885	0
8895	0
8905	0
8915	1
8925	0
8935	0
8945	0
8955	1
8965	1
8975	0
8985	1
8995	0
9005	0
9015	0
9025	0
9035	0
9045	0
9055	0
9065	0
9075	0
9085	1
9095	0
9105	0
9115	0
9125	0
9135	0
9145	0
9155	2
9165	1
9175	0
9185	0
9195	1
9205	1
9215	0
9225	0
9235	0
9245	1
9255	0
9265	0
9275	0
9285	0
9295	0
9305	0
9315	0
9325	0
9335	0
9345	0
9355	0
9365	0
9375	0
9385	1
9395	1
9405	1
9415	0
9425	0
9435	1
9445	0
9455	0
9465	1
9475	0
9485	0
9495	0
9505	0
9515	0
9525	0
9535	0
9545	1
9555	0
9565	1
9575	0
9585	1
9595	2
9605	1
9615	0
9625	0
9635	0
9645	0
9655	0
9665	0
9675	1
9685	1
9695	1
9705	0
9715	0
9725	0
9735	0
9745	0
9755	0
9765	0
9775	0
9785	0
9795	0
9805	0
9815	0
9825	1
9835	0
9845	0
9855	1
9865	0
9875	0
9885	0
9895	0
9905	0
9915	0
9925	1
9935	2
9945	1
9955	0
9965	1
9975	1
9985	0
9995	0
10005	1
10015	0
10025	1
10035	0
10045	0
10055	0
10065	0
10075	0
10085	0
10095	0
10105	1
10115	0
10125	0
10135	0
10145	0
10155	1
10165	1
10175	1
10185	0
10195	0
10205	2
10215	0
10225	0
10235	0
10245	0
10255	0
10265	0
10275	0
10285	0
10295	0
10305	0
10315	0
10325	1
10335	0
10345	1
10355	0
10365	1
10375	1
10385	0
10395	0
10405	0
10415	0
10425	0
10435	0
10445	0
10455	1
10465	0
10475	0
10485	0
10495	1
10505	1
10515	0
10525	0
10535	1
10545	0
10555	0
10565	0
10575	0
10585	0
10595	0
10605	0
10615	0
10625	0
10635	0
10645	0
10655	0
10665	0
10675	0
10685	0
10695	1
10705	0
10715	0
10725	1
10735	0
10745	0
10755	0
10765	0
10775	0
10785	1
10795	0
10805	1
10815	0
10825	0
10835	0
10845	0
10855	0
10865	0
10875	1
10885	0
10895	0
10905	0
10915	0
10925	0
10935	0
10945	0
10955	0
10965	0
10975	1
10985	0
10995	1
11005	1
11015	1
11025	0
11035	0
11045	0
11055	2
11065	0
11075	0
11085	0
11095	0
11105	0
11115	1
11125	0
11135	0
11145	0
11155	0
11165	1
11175	0
11185	0
11195	0
11205	0
11215	0
11225	0
11235	0
11245	0
11255	0
11265	0
11275	0
11285	0
11295	1
11305	0
11315	0
11325	0
11335	0
11345	0
11355	0
11365	0
11375	0
11385	1
11395	0
11405	0
11415	0
11425	0
11435	1
11445	0
11455	0
11465	0
11475	0
11485	0
11495	0
11505	0
11515	0
11525	0
11535	0
11545	0
11555	0
11565	0
11575	0
11585	0
11595	0
11605	1
11615	0
11625	0
11635	0
11645	0
11655	1
11665	0
11675	0
11685	0
11695	0
11705	1
11715	1
11725	0
11735	1
11745	1
11755	1
11765	0
11775	0
11785	0
11795	0
11805	0
11815	0
11825	0
11835	0
11845	0
11855	0
11865	0
11875	0
11885	0
11895	0
11905	0
11915	0
11925	0
11935	0
11945	1
11955	1
11965	0
11975	2
11985	1
11995	0
12005	0
12015	2
12025	0
12035	0
12045	0
12055	0
12065	0
12075	0
12085	0
12095	0
12105	0
12115	0
12125	0
12135	0
12145	0
12155	0
12165	0
12175	0
12185	0
12195	0
12205	0
12215	0
12225	1
12235	0
12245	1
12255	0
12265	0
12275	0
12285	1
12295	0
12305	0
12315	0
12325	0
12335	0
12345	1
12355	0
12365	0
12375	0
12385	0
12395	0
12405	0
12415	0
12425	3
12435	0
12445	0
12455	1
12465	0
12475	0
12485	1
12495	0
12505	0
12515	0
12525	0
12535	0
12545	1
12555	0
12565	1
12575	0
12585	0
12595	1
12605	0
12615	0
12625	0
12635	0
12645	0
12655	0
12665	1
12675	1
12685	0
12695	1
12705	0
12715	0
12725	0
12735	0
12745	0
12755	0
12765	0
12775	0
12785	0
12795	0
12805	0
12815	2
12825	0
12835	0
12845	1
12855	0
12865	0
12875	0
12885	0
12895	0
12905	0
12915	0
12925	0
12935	0
12945	0
12955	0
12965	0
12975	0
12985	0
12995	1
13005	0
13015	0
13025	0
13035	0
13045	0
13055	0
13065	0
13075	0
13085	0
13095	0
13105	0
13115	0
13125	0
13135	0
13145	0
13155	0
13165	1
13175	0
13185	0
13195	0
13205	0
13215	0
13225	0
13235	0
13245	0
13255	0
13265	1
13275	0
13285	0
13295	0
13305	0
13315	0
13325	0
13335	0
13345	0
13355	0
13365	0
13375	0
13385	0
13395	0
13405	0
13415	0
13425	0
13435	0
13445	0
13455	0
13465	1
13475	0
13485	0
13495	0
13505	0
13515	0
13525	1
13535	0
13545	0
13555	0
13565	0
13575	0
13585	0
13595	0
13605	0
13615	0
13625	0
13635	0
13645	0
13655	0
13665	0
13675	0
13685	0
13695	0
13705	1
13715	0
13725	0
13735	0
13745	0
13755	0
13765	0
13775	0
13785	0
13795	0
13805	0
13815	1
13825	0
13835	1
13845	0
13855	0
13865	0
13875	0
13885	0
13895	0
13905	1
13915	0
13925	0
13935	0
13945	0
13955	0
13965	0
13975	0
13985	0
13995	0
14005	0
14015	0
14025	0
14035	0
14045	0
14055	0
14065	0
14075	0
14085	0
14095	0
14105	0
14115	0
14125	0
14135	0
14145	0
14155	0
14165	0
14175	0
14185	1
14195	0
14205	1
14215	1
14225	0
14235	0
14245	0
14255	0
14265	0
14275	0
14285	0
14295	0
14305	0
14315	0
14325	0
14335	0
14345	0
14355	0
14365	0
14375	0
14385	0
14395	0
14405	0
14415	0
14425	0
14435	0
14445	0
14455	0
14465	0
14475	0
14485	0
14495	0
14505	0
14515	0
14525	0
14535	0
14545	0
14555	0
14565	0
14575	0
14585	0
14595	0
14605	0
14615	0
14625	0
14635	0
14645	0
14655	0
14665	0
14675	0
14685	0
14695	0
14705	1
14715	0
14725	0
14735	0
14745	0
14755	0
14765	0
14775	0
14785	1
14795	0
14805	0
14815	0
14825	0
14835	0
14845	0
14855	0
14865	0
14875	0
14885	0
14895	0
14905	0
14915	0
14925	0
14935	0
14945	0
14955	0
14965	0
14975	0
14985	0
14995	0
15005	0
15015	0
15025	0
15035	0
15045	1
15055	0
15065	0
15075	0
15085	0
15095	0
15105	0
15115	0
15125	0
15135	0
15145	0
15155	0
15165	0
15175	0
15185	0
15195	0
15205	0
15215	0
15225	0
15235	0
15245	0
15255	0
15265	0
15275	0
15285	0
15295	0
15305	0
15315	0
15325	0
15335	0
15345	0
15355	0
15365	0
15375	0
15385	0
15395	0
15405	0
15415	0
15425	0
15435	0
15445	0
15455	0
15465	0
15475	0
15485	0
15495	0
15505	0
15515	0
15525	0
15535	0
15545	0
15555	0
15565	0
15575	0
15585	0
15595	0
15605	0
15615	0
15625	0
15635	0
15645	0
15655	0
15665	0
15675	0
15685	0
15695	0
15705	0
15715	0
15725	0
15735	0
15745	0
15755	0
15765	0
15775	0
15785	0
15795	0
15805	0
15815	0
15825	0
15835	0
15845	0
15855	0
15865	0
15875	1
15885	0
15895	0
15905	0
15915	0
15925	0
15935	0
15945	0
15955	0
15965	0
15975	0
15985	0
15995	0
16005	0
16015	0
16025	0
16035	0
16045	0
16055	0
16065	0
16075	0
16085	0
16095	0
16105	0
16115	0
16125	0
16135	0
16145	0
16155	0
16165	0
16175	0
16185	0
16195	0
16205	0
16215	0
16225	0
16235	0
16245	0
16255	0
16265	0
16275	0
16285	0
16295	0
16305	0
16315	0
16325	0
16335	0
16345	0
16355	0
16365	0
16375	0
16385	0
16395	0
16405	0
16415	0
16425	1
16435	0
16445	0
16455	0
16465	0
16475	0
16485	0
16495	0
16505	0
16515	1
16525	0
16535	0
16545	0
16555	0
16565	0
16575	0
16585	0
16595	0
16605	0
16615	0
16625	0
16635	0
16645	0
16655	0
16665	0
16675	0
16685	0
16695	0
16705	0
16715	0
16725	0
16735	0
16745	0
16755	0
16765	0
16775	0
16785	0
16795	0
16805	0
16815	0
16825	0
16835	0
16845	0
16855	0
16865	0
16875	0
16885	0
16895	0
16905	0
16915	0
16925	0
16935	0
16945	0
16955	0
16965	0
16975	0
16985	0
16995	0
17005	0
17015	0
17025	0
17035	0
17045	0
17055	0
17065	0
17075	0
17085	0
17095	0
17105	0
17115	0
17125	0
17135	0
17145	0
17155	0
17165	0
17175	0
17185	0
17195	0
17205	0
17215	0
17225	0
17235	0
17245	0
17255	0
17265	0
17275	0
17285	0
17295	0
17305	0
17315	0
17325	0
17335	0
17345	0
17355	0
17365	0
17375	0
17385	0
17395	0
17405	0
17415	0
17425	0
17435	0
17445	0
17455	0
17465	0
17475	0
17485	0
17495	0
17505	0
17515	0
17525	0
17535	0
17545	0
17555	0
17565	0
17575	0
17585	0
17595	0
17605	0
17615	0
17625	0
17635	0
17645	0
17655	0
17665	0
17675	0
17685	0
17695	0
17705	0
17715	0
17725	0
17735	0
17745	0
17755	0
17765	0
17775	0
17785	0
17795	0
17805	0
17815	0
17825	0
17835	0
17845	0
17855	0
17865	0
17875	0
17885	0
17895	0
17905	0
17915	0
17925	0
17935	0
17945	0
17955	0
17965	0
17975	0
17985	0
17995	0
18005	0
18015	0
18025	0
18035	0
18045	0
18055	0
18065	0
18075	0
18085	0
18095	0
18105	0
18115	0
18125	0
18135	0
18145	0
18155	0
18165	0
18175	0
18185	0
18195	0
18205	0
18215	0
18225	0
18235	0
18245	0
18255	0
18265	0
18275	0
18285	0
18295	0
18305	0
18315	0
18325	0
18335	0
18345	0
18355	0
18365	0
18375	0
18385	0
18395	0
18405	0
18415	0
18425	0
18435	0
18445	0
18455	0
18465	0
18475	0
18485	0
18495	0
18505	0
18515	0
18525	0
18535	0
18545	0
18555	0
18565	0
18575	0
18585	0
18595	0
18605	0
18615	0
18625	0
18635	0
18645	0
18655	0
18665	0
18675	0
18685	0
18695	0
18705	0
18715	0
18725	0
18735	0
18745	0
18755	0
18765	0
18775	0
18785	0
18795	0
18805	0
18815	0
18825	0
18835	0
18845	0
18855	0
18865	0
18875	0
18885	0
18895	0
18905	0
18915	0
18925	0
18935	0
18945	0
18955	0
18965	0
18975	0
18985	0
18995	0
19005	0
19015	0
19025	0
19035	0
19045	0
19055	0
19065	0
19075	0
19085	0
19095	0
19105	0
19115	0
19125	0
19135	0
19145	0
19155	0
19165	0
19175	0
19185	0
19195	0
19205	0
19215	0
19225	0
19235	0
19245	0
19255	0
19265	0
19275	0
19285	0
19295	0
19305	0
19315	0
19325	0
19335	0
19345	0
19355	0
19365	0
19375	0
19385	0
19395	0
19405	0
19415	0
19425	0
19435	0
19445	0
19455	0
19465	0
19475	0
19485	0
19495	0
