ADC Channel - Charge distribution	Counts - Charge distribution
-495	0
-485	0
-475	0
-465	0
-455	0
-445	0
-435	0
-425	0
-415	0
-405	0
-395	0
-385	0
-375	0
-365	0
-355	0
-345	0
-335	0
-325	0
-315	0
-305	0
-295	0
-285	0
-275	0
-265	0
-255	0
-245	0
-235	0
-225	0
-215	0
-205	0
-195	0
-185	0
-175	0
-165	0
-155	0
-145	0
-135	0
-125	0
-115	0
-105	0
-95	0
-85	0
-75	0
-65	0
-55	0
-45	0
-35	0
-25	0
-15	0
-5	0
5	0
15	0
25	0
35	0
45	0
55	0
65	0
75	0
85	0
95	0
105	0
115	0
125	1
135	0
145	0
155	1
165	0
175	1
185	0
195	0
205	0
215	2
225	3
235	1
245	3
255	8
265	3
275	2
285	5
295	9
305	4
315	11
325	3
335	2
345	5
355	5
365	6
375	10
385	3
395	5
405	4
415	4
425	3
435	8
445	10
455	4
465	9
475	5
485	6
495	8
505	7
515	8
525	4
535	5
545	2
555	3
565	5
575	3
585	6
595	4
605	9
615	10
625	3
635	4
645	2
655	5
665	8
675	8
685	1
695	7
705	3
715	7
725	4
735	9
745	3
755	7
765	5
775	5
785	5
795	9
805	9
815	10
825	5
835	11
845	7
855	5
865	9
875	6
885	8
895	8
905	0
915	6
925	15
935	9
945	8
955	5
965	5
975	3
985	11
995	9
1005	7
1015	7
1025	10
1035	8
1045	6
1055	8
1065	3
1075	7
1085	6
1095	10
1105	4
1115	3
1125	6
1135	4
1145	2
1155	10
1165	5
1175	5
1185	2
1195	6
1205	3
1215	8
1225	6
1235	2
1245	5
1255	6
1265	9
1275	8
1285	11
1295	2
1305	5
1315	8
1325	9
1335	4
1345	8
1355	4
1365	1
1375	3
1385	6
1395	1
1405	5
1415	6
1425	1
1435	5
1445	4
1455	6
1465	8
1475	6
1485	7
1495	14
1505	7
1515	8
1525	5
1535	7
1545	9
1555	9
1565	6
1575	2
1585	4
1595	4
1605	6
1615	5
1625	6
1635	6
1645	7
1655	6
1665	2
1675	4
1685	3
1695	2
1705	6
1715	6
1725	5
1735	7
1745	5
1755	7
1765	5
1775	4
1785	4
1795	4
1805	5
1815	4
1825	7
1835	3
1845	3
1855	8
1865	8
1875	8
1885	5
1895	3
1905	3
1915	5
1925	3
1935	4
1945	10
1955	9
1965	6
1975	5
1985	5
1995	5
2005	9
2015	8
2025	7
2035	3
2045	7
2055	4
2065	8
2075	6
2085	6
2095	6
2105	9
2115	6
2125	11
2135	8
2145	6
2155	13
2165	7
2175	2
2185	6
2195	4
2205	7
2215	8
2225	8
2235	6
2245	7
2255	10
2265	6
2275	6
2285	7
2295	6
2305	7
2315	7
2325	14
2335	4
2345	15
2355	6
2365	6
2375	3
2385	7
2395	9
2405	10
2415	5
2425	3
2435	11
2445	8
2455	9
2465	8
2475	8
2485	5
2495	9
2505	7
2515	8
2525	3
2535	8
2545	7
2555	1
2565	4
2575	5
2585	6
2595	4
2605	4
2615	7
2625	5
2635	4
2645	4
2655	4
2665	7
2675	14
2685	12
2695	3
2705	9
2715	12
2725	7
2735	7
2745	9
2755	7
2765	8
2775	4
2785	9
2795	7
2805	6
2815	11
2825	9
2835	13
2845	3
2855	9
2865	7
2875	4
2885	5
2895	11
2905	6
2915	6
2925	3
2935	4
2945	6
2955	10
2965	6
2975	3
2985	3
2995	3
3005	8
3015	1
3025	7
3035	6
3045	8
3055	12
3065	8
3075	3
3085	4
3095	8
3105	7
3115	6
3125	7
3135	4
3145	10
3155	2
3165	5
3175	4
3185	10
3195	3
3205	6
3215	11
3225	6
3235	9
3245	7
3255	3
3265	6
3275	8
3285	6
3295	9
3305	5
3315	7
3325	6
3335	6
3345	10
3355	10
3365	6
3375	7
3385	7
3395	4
3405	6
3415	4
3425	7
3435	4
3445	10
3455	7
3465	14
3475	9
3485	6
3495	8
3505	11
3515	12
3525	10
3535	5
3545	12
3555	3
3565	14
3575	9
3585	7
3595	5
3605	9
3615	9
3625	10
3635	4
3645	8
3655	7
3665	10
3675	6
3685	13
3695	8
3705	7
3715	9
3725	11
3735	12
3745	9
3755	13
3765	10
3775	14
3785	9
3795	5
3805	8
3815	6
3825	10
3835	10
3845	14
3855	7
3865	13
3875	12
3885	13
3895	6
3905	6
3915	14
3925	11
3935	13
3945	7
3955	11
3965	7
3975	7
3985	14
3995	12
4005	10
4015	14
4025	5
4035	12
4045	8
4055	12
4065	10
4075	9
4085	11
4095	6
4105	10
4115	11
4125	9
4135	12
4145	7
4155	16
4165	7
4175	7
4185	8
4195	10
4205	10
4215	11
4225	7
4235	8
4245	13
4255	9
4265	14
4275	7
4285	9
4295	13
4305	8
4315	11
4325	6
4335	6
4345	9
4355	7
4365	6
4375	17
4385	11
4395	7
4405	11
4415	9
4425	11
4435	13
4445	3
4455	12
4465	8
4475	10
4485	4
4495	11
4505	6
4515	12
4525	9
4535	6
4545	3
4555	5
4565	14
4575	6
4585	6
4595	7
4605	11
4615	13
4625	13
4635	4
4645	10
4655	8
4665	7
4675	12
4685	6
4695	10
4705	8
4715	9
4725	16
4735	5
4745	9
4755	10
4765	10
4775	10
4785	11
4795	10
4805	13
4815	16
4825	8
4835	12
4845	10
4855	15
4865	14
4875	7
4885	12
4895	9
4905	9
4915	10
4925	13
4935	12
4945	15
4955	6
4965	9
4975	11
4985	6
4995	8
5005	9
5015	9
5025	12
5035	8
5045	5
5055	12
5065	14
5075	7
5085	7
5095	6
5105	7
5115	7
5125	11
5135	7
5145	8
5155	15
5165	9
5175	10
5185	3
5195	12
5205	7
5215	8
5225	11
5235	6
5245	14
5255	8
5265	8
5275	11
5285	6
5295	4
5305	12
5315	11
5325	9
5335	11
5345	12
5355	8
5365	12
5375	8
5385	6
5395	8
5405	6
5415	7
5425	9
5435	8
5445	10
5455	9
5465	5
5475	12
5485	5
5495	3
5505	9
5515	10
5525	5
5535	8
5545	16
5555	9
5565	15
5575	7
5585	4
5595	9
5605	11
5615	5
5625	8
5635	9
5645	3
5655	9
5665	9
5675	7
5685	9
5695	8
5705	14
5715	8
5725	4
5735	8
5745	11
5755	13
5765	9
5775	3
5785	7
5795	13
5805	8
5815	9
5825	7
5835	5
5845	12
5855	11
5865	11
5875	9
5885	7
5895	7
5905	6
5915	7
5925	4
5935	10
5945	6
5955	6
5965	6
5975	8
5985	5
5995	7
6005	4
6015	4
6025	8
6035	9
6045	5
6055	8
6065	1
6075	14
6085	10
6095	7
6105	13
6115	9
6125	9
6135	6
6145	12
6155	4
6165	8
6175	9
6185	11
6195	6
6205	5
6215	7
6225	5
6235	7
6245	5
6255	4
6265	6
6275	12
6285	7
6295	9
6305	6
6315	9
6325	11
6335	7
6345	7
6355	6
6365	4
6375	13
6385	5
6395	6
6405	10
6415	7
6425	10
6435	7
6445	6
6455	8
6465	5
6475	14
6485	9
6495	12
6505	2
6515	3
6525	7
6535	5
6545	6
6555	5
6565	9
6575	10
6585	8
6595	4
6605	6
6615	8
6625	10
6635	4
6645	12
6655	8
6665	3
6675	9
6685	9
6695	10
6705	9
6715	9
6725	7
6735	10
6745	6
6755	14
6765	12
6775	5
6785	9
6795	8
6805	4
6815	12
6825	6
6835	8
6845	7
6855	12
6865	9
6875	10
6885	4
6895	9
6905	6
6915	3
6925	10
6935	6
6945	4
6955	7
6965	3
6975	14
6985	8
6995	8
7005	5
7015	8
7025	3
7035	8
7045	4
7055	7
7065	10
7075	10
7085	9
7095	9
7105	4
7115	6
7125	7
7135	8
7145	8
7155	7
7165	9
7175	11
7185	10
7195	9
7205	11
7215	10
7225	8
7235	4
7245	8
7255	8
7265	8
7275	9
7285	3
7295	5
7305	11
7315	5
7325	7
7335	6
7345	6
7355	6
7365	3
7375	6
7385	6
7395	5
7405	3
7415	3
7425	9
7435	8
7445	4
7455	7
7465	12
7475	6
7485	16
7495	6
7505	7
7515	6
7525	8
7535	6
7545	5
7555	6
7565	3
7575	8
7585	7
7595	7
7605	7
7615	4
7625	6
7635	3
7645	11
7655	5
7665	8
7675	3
7685	4
7695	9
7705	8
7715	3
7725	6
7735	7
7745	9
7755	9
7765	6
7775	10
7785	5
7795	6
7805	3
7815	5
7825	4
7835	4
7845	6
7855	7
7865	10
7875	7
7885	6
7895	4
7905	4
7915	5
7925	5
7935	6
7945	9
7955	4
7965	3
7975	3
7985	5
7995	5
8005	2
8015	7
8025	3
8035	6
8045	4
8055	4
8065	4
8075	9
8085	6
8095	4
8105	9
8115	1
8125	6
8135	5
8145	11
8155	3
8165	7
8175	6
8185	8
8195	8
8205	14
8215	8
8225	7
8235	12
8245	5
8255	10
8265	6
8275	8
8285	7
8295	4
8305	6
8315	8
8325	4
8335	5
8345	1
8355	3
8365	3
8375	6
8385	3
8395	7
8405	3
8415	4
8425	8
8435	6
8445	8
8455	6
8465	6
8475	4
8485	5
8495	4
8505	7
8515	3
8525	8
8535	5
8545	5
8555	8
8565	10
8575	6
8585	7
8595	4
8605	5
8615	7
8625	6
8635	4
8645	3
8655	4
8665	6
8675	5
8685	6
8695	7
8705	9
8715	7
8725	5
8735	6
8745	6
8755	4
8765	5
8775	4
8785	4
8795	12
8805	3
8815	2
8825	6
8835	9
8845	5
8855	3
8865	6
8875	5
8885	9
8895	8
8905	5
8915	7
8925	4
8935	11
8945	5
8955	6
8965	4
8975	7
8985	10
8995	8
9005	3
9015	4
9025	8
9035	5
9045	7
9055	9
9065	4
9075	3
9085	4
9095	9
9105	6
9115	7
9125	4
9135	8
9145	5
9155	3
9165	3
9175	2
9185	1
9195	4
9205	5
9215	3
9225	8
9235	4
9245	4
9255	3
9265	5
9275	5
9285	7
9295	2
9305	3
9315	13
9325	11
9335	8
9345	4
9355	5
9365	3
9375	5
9385	5
9395	6
9405	7
9415	11
9425	1
9435	2
9445	5
9455	6
9465	8
9475	6
9485	7
9495	6
9505	7
9515	6
9525	2
9535	7
9545	4
9555	4
9565	6
9575	8
9585	5
9595	7
9605	7
9615	2
9625	7
9635	8
9645	9
9655	7
9665	7
9675	8
9685	1
9695	8
9705	2
9715	7
9725	2
9735	4
9745	1
9755	10
9765	6
9775	5
9785	9
9795	4
9805	5
9815	8
9825	6
9835	8
9845	8
9855	2
9865	8
9875	2
9885	8
9895	6
9905	11
9915	2
9925	8
9935	7
9945	7
9955	7
9965	6
9975	3
9985	6
9995	8
10005	9
10015	3
10025	5
10035	6
10045	4
10055	4
10065	7
10075	7
10085	10
10095	7
10105	5
10115	7
10125	8
10135	5
10145	5
10155	9
10165	8
10175	6
10185	5
10195	4
10205	8
10215	8
10225	7
10235	3
10245	7
10255	4
10265	7
10275	2
10285	4
10295	11
10305	8
10315	5
10325	9
10335	4
10345	5
10355	1
10365	8
10375	5
10385	8
10395	11
10405	4
10415	4
10425	9
10435	7
10445	5
10455	5
10465	2
10475	4
10485	6
10495	7
10505	5
10515	5
10525	8
10535	8
10545	8
10555	6
10565	14
10575	9
10585	6
10595	6
10605	4
10615	6
10625	6
10635	3
10645	6
10655	5
10665	7
10675	7
10685	3
10695	5
10705	6
10715	10
10725	5
10735	8
10745	3
10755	12
10765	3
10775	4
10785	15
10795	6
10805	6
10815	2
10825	8
10835	7
10845	10
10855	7
10865	4
10875	5
10885	4
10895	3
10905	6
10915	2
10925	4
10935	4
10945	5
10955	2
10965	6
10975	6
10985	3
10995	6
11005	6
11015	7
11025	3
11035	5
11045	5
11055	4
11065	5
11075	3
11085	3
11095	4
11105	4
11115	3
11125	2
11135	4
11145	7
11155	3
11165	7
11175	8
11185	4
11195	4
11205	4
11215	4
11225	9
11235	4
11245	11
11255	4
11265	3
11275	5
11285	8
11295	5
11305	5
11315	7
11325	4
11335	4
11345	8
11355	11
11365	3
11375	3
11385	4
11395	5
11405	9
11415	5
11425	6
11435	8
11445	12
11455	6
11465	6
11475	12
11485	7
11495	11
11505	2
11515	5
11525	6
11535	4
11545	5
11555	5
11565	5
11575	2
11585	5
11595	8
11605	5
11615	14
11625	5
11635	9
11645	7
11655	8
11665	6
11675	6
11685	10
11695	5
11705	6
11715	2
11725	5
11735	3
11745	3
11755	8
11765	1
11775	3
11785	6
11795	3
11805	9
11815	9
11825	8
11835	7
11845	5
11855	8
11865	2
11875	5
11885	14
11895	9
11905	3
11915	10
11925	4
11935	6
11945	5
11955	7
11965	6
11975	7
11985	4
11995	2
12005	3
12015	3
12025	4
12035	5
12045	7
12055	4
12065	5
12075	2
12085	1
12095	7
12105	4
12115	6
12125	6
12135	3
12145	3
12155	6
12165	6
12175	8
12185	6
12195	5
12205	7
12215	5
12225	5
12235	5
12245	7
12255	5
12265	2
12275	8
12285	5
12295	1
12305	5
12315	3
12325	4
12335	8
12345	6
12355	10
12365	4
12375	4
12385	5
12395	7
12405	4
12415	4
12425	4
12435	7
12445	6
12455	9
12465	10
12475	5
12485	2
12495	3
12505	4
12515	6
12525	3
12535	6
12545	6
12555	3
12565	5
12575	6
12585	3
12595	4
12605	7
12615	3
12625	5
12635	8
12645	4
12655	4
12665	5
12675	5
12685	7
12695	3
12705	6
12715	3
12725	3
12735	2
12745	5
12755	4
12765	6
12775	4
12785	6
12795	4
12805	4
12815	6
12825	4
12835	5
12845	3
12855	5
12865	5
12875	3
12885	6
12895	11
12905	6
12915	3
12925	8
12935	13
12945	4
12955	5
12965	2
12975	1
12985	4
12995	8
13005	5
13015	5
13025	6
13035	5
13045	1
13055	4
13065	4
13075	5
13085	5
13095	9
13105	7
13115	3
13125	3
13135	5
13145	4
13155	10
13165	3
13175	2
13185	4
13195	4
13205	3
13215	0
13225	7
13235	9
13245	7
13255	5
13265	8
13275	7
13285	7
13295	6
13305	2
13315	8
13325	2
13335	3
13345	4
13355	5
13365	4
13375	5
13385	8
13395	4
13405	2
13415	7
13425	4
13435	6
13445	4
13455	6
13465	11
13475	3
13485	2
13495	5
13505	5
13515	5
13525	7
13535	3
13545	13
13555	6
13565	5
13575	6
13585	8
13595	4
13605	4
13615	1
13625	5
13635	1
13645	4
13655	8
13665	3
13675	6
13685	3
13695	10
13705	3
13715	4
13725	3
13735	7
13745	3
13755	5
13765	3
13775	5
13785	3
13795	3
13805	3
13815	3
13825	5
13835	4
13845	2
13855	3
13865	3
13875	5
13885	3
13895	3
13905	7
13915	4
13925	2
13935	4
13945	1
13955	4
13965	5
13975	1
13985	3
13995	6
14005	5
14015	5
14025	5
14035	8
14045	2
14055	3
14065	1
14075	8
14085	5
14095	3
14105	5
14115	1
14125	8
14135	8
14145	8
14155	4
14165	11
14175	4
14185	5
14195	1
14205	5
14215	4
14225	7
14235	6
14245	6
14255	3
14265	3
14275	4
14285	2
14295	5
14305	5
14315	4
14325	2
14335	3
14345	2
14355	5
14365	0
14375	5
14385	8
14395	6
14405	0
14415	4
14425	3
14435	6
14445	3
14455	5
14465	2
14475	3
14485	4
14495	2
14505	4
14515	8
14525	6
14535	6
14545	9
14555	2
14565	0
14575	5
14585	6
14595	6
14605	8
14615	0
14625	5
14635	6
14645	6
14655	6
14665	6
14675	8
14685	4
14695	8
14705	6
14715	8
14725	11
14735	5
14745	0
14755	6
14765	2
14775	4
14785	0
14795	2
14805	3
14815	4
14825	1
14835	5
14845	2
14855	6
14865	5
14875	5
14885	4
14895	6
14905	3
14915	3
14925	5
14935	6
14945	0
14955	4
14965	5
14975	3
14985	2
14995	3
15005	1
15015	4
15025	3
15035	2
15045	5
15055	7
15065	4
15075	6
15085	4
15095	4
15105	3
15115	12
15125	3
15135	7
15145	6
15155	2
15165	1
15175	6
15185	3
15195	4
15205	7
15215	1
15225	2
15235	3
15245	6
15255	4
15265	3
15275	12
15285	2
15295	3
15305	7
15315	4
15325	2
15335	5
15345	3
15355	4
15365	3
15375	4
15385	5
15395	3
15405	6
15415	4
15425	5
15435	7
15445	5
15455	4
15465	4
15475	3
15485	4
15495	1
15505	2
15515	8
15525	1
15535	0
15545	6
15555	3
15565	4
15575	4
15585	8
15595	5
15605	7
15615	4
15625	5
15635	2
15645	4
15655	7
15665	4
15675	6
15685	4
15695	5
15705	6
15715	5
15725	6
15735	3
15745	2
15755	8
15765	2
15775	4
15785	2
15795	3
15805	1
15815	5
15825	6
15835	2
15845	1
15855	2
15865	4
15875	2
15885	2
15895	4
15905	2
15915	5
15925	3
15935	4
15945	5
15955	1
15965	3
15975	5
15985	2
15995	2
16005	3
16015	4
16025	3
16035	2
16045	1
16055	2
16065	4
16075	1
16085	3
16095	4
16105	8
16115	2
16125	3
16135	1
16145	5
16155	5
16165	9
16175	3
16185	1
16195	1
16205	1
16215	2
16225	1
16235	4
16245	1
16255	4
16265	3
16275	2
16285	2
16295	2
16305	4
16315	5
16325	3
16335	4
16345	3
16355	5
16365	4
16375	6
16385	1
16395	4
16405	3
16415	3
16425	4
16435	6
16445	3
16455	3
16465	2
16475	1
16485	3
16495	3
16505	6
16515	3
16525	2
16535	5
16545	5
16555	4
16565	6
16575	7
16585	2
16595	2
16605	3
16615	2
16625	3
16635	0
16645	3
16655	4
16665	4
16675	2
16685	2
16695	3
16705	4
16715	2
16725	6
16735	2
16745	3
16755	2
16765	6
16775	3
16785	0
16795	4
16805	4
16815	6
16825	2
16835	4
16845	2
16855	3
16865	3
16875	2
16885	2
16895	3
16905	1
16915	0
16925	6
16935	2
16945	3
16955	0
16965	6
16975	0
16985	4
16995	1
17005	5
17015	4
17025	3
17035	2
17045	3
17055	3
17065	3
17075	4
17085	2
17095	3
17105	4
17115	1
17125	5
17135	1
17145	2
17155	7
17165	5
17175	2
17185	3
17195	6
17205	1
17215	1
17225	1
17235	1
17245	6
17255	1
17265	6
17275	1
17285	6
17295	3
17305	1
17315	2
17325	3
17335	1
17345	1
17355	2
17365	2
17375	6
17385	4
17395	2
17405	4
17415	3
17425	5
17435	1
17445	1
17455	1
17465	7
17475	4
17485	5
17495	2
17505	6
17515	7
17525	5
17535	4
17545	6
17555	4
17565	4
17575	3
17585	2
17595	3
17605	4
17615	4
17625	5
17635	6
17645	2
17655	3
17665	6
17675	2
17685	2
17695	1
17705	1
17715	2
17725	2
17735	4
17745	2
17755	2
17765	3
17775	5
17785	3
17795	5
17805	1
17815	3
17825	5
17835	3
17845	1
17855	6
17865	3
17875	5
17885	2
17895	2
17905	7
17915	4
17925	4
17935	3
17945	3
17955	4
17965	3
17975	0
17985	6
17995	4
18005	4
18015	2
18025	3
18035	5
18045	4
18055	7
18065	4
18075	4
18085	5
18095	2
18105	5
18115	6
18125	5
18135	1
18145	4
18155	5
18165	4
18175	4
18185	9
18195	3
18205	7
18215	6
18225	6
18235	1
18245	3
18255	2
18265	6
18275	3
18285	2
18295	2
18305	7
18315	3
18325	8
18335	5
18345	5
18355	5
18365	4
18375	3
18385	4
18395	9
18405	10
18415	4
18425	6
18435	6
18445	3
18455	6
18465	7
18475	3
18485	1
18495	5
18505	6
18515	4
18525	1
18535	5
18545	5
18555	8
18565	5
18575	9
18585	7
18595	6
18605	2
18615	6
18625	3
18635	3
18645	4
18655	6
18665	3
18675	6
18685	10
18695	4
18705	7
18715	4
18725	4
18735	6
18745	2
18755	4
18765	5
18775	9
18785	5
18795	5
18805	2
18815	2
18825	5
18835	5
18845	3
18855	8
18865	6
18875	3
18885	8
18895	4
18905	6
18915	4
18925	8
18935	4
18945	4
18955	0
18965	7
18975	8
18985	6
18995	4
19005	4
19015	3
19025	3
19035	4
19045	6
19055	5
19065	3
19075	4
19085	3
19095	2
19105	2
19115	5
19125	3
19135	1
19145	3
19155	3
19165	2
19175	1
19185	4
19195	6
19205	4
19215	2
19225	6
19235	2
19245	3
19255	4
19265	2
19275	2
19285	4
19295	1
19305	2
19315	2
19325	4
19335	3
19345	3
19355	2
19365	5
19375	6
19385	1
19395	6
19405	3
19415	3
19425	5
19435	1
19445	4
19455	4
19465	5
19475	3
19485	2
19495	3
