ADC Channel - Charge distribution	Counts - Charge distribution
-495	2
-485	7
-475	7
-465	3
-455	4
-445	5
-435	7
-425	8
-415	2
-405	7
-395	9
-385	2
-375	6
-365	3
-355	6
-345	0
-335	1
-325	7
-315	1
-305	2
-295	1
-285	1
-275	0
-265	0
-255	1
-245	1
-235	1
-225	3
-215	1
-205	1
-195	2
-185	0
-175	0
-165	2
-155	2
-145	1
-135	0
-125	2
-115	1
-105	2
-95	1
-85	3
-75	4
-65	6
-55	4
-45	7
-35	10
-25	15
-15	23
-5	22
5	28
15	35
25	54
35	63
45	62
55	67
65	84
75	111
85	111
95	108
105	122
115	121
125	121
135	134
145	120
155	157
165	155
175	180
185	174
195	174
205	207
215	226
225	250
235	245
245	251
255	301
265	382
275	440
285	430
295	462
305	552
315	581
325	677
335	661
345	757
355	753
365	829
375	820
385	822
395	835
405	905
415	867
425	864
435	866
445	809
455	818
465	776
475	789
485	697
495	713
505	649
515	651
525	576
535	519
545	449
555	478
565	405
575	405
585	361
595	312
605	295
615	255
625	239
635	222
645	218
655	188
665	168
675	173
685	151
695	151
705	139
715	125
725	127
735	124
745	108
755	100
765	107
775	116
785	95
795	103
805	93
815	98
825	99
835	85
845	85
855	85
865	96
875	79
885	92
895	81
905	89
915	104
925	88
935	80
945	68
955	86
965	86
975	68
985	85
995	78
1005	71
1015	83
1025	88
1035	88
1045	76
1055	83
1065	78
1075	83
1085	78
1095	87
1105	63
1115	75
1125	82
1135	69
1145	69
1155	64
1165	67
1175	69
1185	68
1195	86
1205	73
1215	83
1225	79
1235	92
1245	95
1255	83
1265	52
1275	71
1285	64
1295	70
1305	77
1315	70
1325	82
1335	69
1345	68
1355	60
1365	79
1375	50
1385	70
1395	97
1405	67
1415	55
1425	65
1435	57
1445	79
1455	69
1465	77
1475	59
1485	62
1495	67
1505	90
1515	66
1525	67
1535	80
1545	70
1555	67
1565	65
1575	64
1585	57
1595	61
1605	74
1615	68
1625	56
1635	56
1645	68
1655	68
1665	82
1675	70
1685	56
1695	71
1705	47
1715	61
1725	82
1735	71
1745	78
1755	61
1765	72
1775	50
1785	58
1795	78
1805	75
1815	70
1825	56
1835	69
1845	53
1855	58
1865	66
1875	83
1885	53
1895	67
1905	60
1915	53
1925	62
1935	55
1945	53
1955	65
1965	76
1975	58
1985	62
1995	66
2005	65
2015	64
2025	61
2035	62
2045	62
2055	57
2065	62
2075	62
2085	65
2095	61
2105	81
2115	67
2125	63
2135	71
2145	73
2155	56
2165	82
2175	65
2185	84
2195	64
2205	72
2215	67
2225	70
2235	63
2245	72
2255	71
2265	66
2275	75
2285	58
2295	56
2305	73
2315	73
2325	64
2335	66
2345	62
2355	77
2365	66
2375	64
2385	55
2395	66
2405	68
2415	75
2425	54
2435	63
2445	74
2455	77
2465	77
2475	71
2485	62
2495	64
2505	70
2515	73
2525	64
2535	90
2545	63
2555	68
2565	77
2575	72
2585	89
2595	61
2605	69
2615	67
2625	90
2635	57
2645	70
2655	70
2665	66
2675	64
2685	73
2695	74
2705	61
2715	89
2725	59
2735	68
2745	67
2755	76
2765	71
2775	69
2785	85
2795	59
2805	76
2815	77
2825	68
2835	70
2845	68
2855	84
2865	76
2875	75
2885	87
2895	73
2905	75
2915	75
2925	86
2935	77
2945	109
2955	85
2965	79
2975	69
2985	90
2995	70
3005	83
3015	92
3025	95
3035	72
3045	91
3055	78
3065	71
3075	77
3085	67
3095	89
3105	76
3115	86
3125	73
3135	91
3145	87
3155	106
3165	87
3175	99
3185	80
3195	81
3205	97
3215	100
3225	77
3235	84
3245	97
3255	90
3265	98
3275	107
3285	74
3295	76
3305	87
3315	97
3325	85
3335	79
3345	79
3355	77
3365	78
3375	86
3385	88
3395	105
3405	96
3415	74
3425	87
3435	84
3445	99
3455	92
3465	90
3475	90
3485	73
3495	94
3505	84
3515	97
3525	87
3535	83
3545	88
3555	86
3565	78
3575	70
3585	68
3595	81
3605	84
3615	94
3625	84
3635	89
3645	77
3655	73
3665	83
3675	80
3685	81
3695	49
3705	73
3715	80
3725	86
3735	82
3745	80
3755	83
3765	86
3775	75
3785	63
3795	74
3805	67
3815	80
3825	79
3835	73
3845	92
3855	73
3865	72
3875	74
3885	75
3895	70
3905	75
3915	55
3925	72
3935	77
3945	72
3955	69
3965	59
3975	55
3985	78
3995	62
4005	57
4015	84
4025	60
4035	74
4045	66
4055	73
4065	55
4075	55
4085	41
4095	65
4105	64
4115	67
4125	63
4135	69
4145	62
4155	60
4165	70
4175	76
4185	74
4195	66
4205	70
4215	63
4225	58
4235	51
4245	72
4255	75
4265	54
4275	70
4285	56
4295	69
4305	58
4315	65
4325	51
4335	66
4345	73
4355	45
4365	81
4375	58
4385	50
4395	44
4405	65
4415	72
4425	66
4435	67
4445	62
4455	71
4465	60
4475	61
4485	68
4495	55
4505	50
4515	55
4525	68
4535	66
4545	53
4555	65
4565	71
4575	52
4585	66
4595	71
4605	58
4615	66
4625	66
4635	64
4645	62
4655	63
4665	68
4675	55
4685	48
4695	53
4705	61
4715	44
4725	69
4735	67
4745	63
4755	70
4765	52
4775	64
4785	67
4795	65
4805	64
4815	60
4825	55
4835	59
4845	57
4855	72
4865	56
4875	72
4885	59
4895	61
4905	56
4915	67
4925	71
4935	53
4945	41
4955	54
4965	45
4975	57
4985	57
4995	54
5005	50
5015	62
5025	51
5035	75
5045	73
5055	58
5065	57
5075	74
5085	80
5095	71
5105	75
5115	57
5125	54
5135	52
5145	53
5155	61
5165	65
5175	66
5185	55
5195	46
5205	57
5215	62
5225	75
5235	49
5245	74
5255	57
5265	53
5275	76
5285	59
5295	54
5305	55
5315	62
5325	46
5335	58
5345	69
5355	55
5365	39
5375	66
5385	64
5395	57
5405	67
5415	60
5425	66
5435	51
5445	72
5455	65
5465	56
5475	60
5485	66
5495	66
5505	71
5515	57
5525	42
5535	61
5545	71
5555	72
5565	55
5575	69
5585	61
5595	48
5605	48
5615	48
5625	73
5635	61
5645	72
5655	70
5665	62
5675	62
5685	69
5695	60
5705	49
5715	55
5725	56
5735	50
5745	65
5755	68
5765	58
5775	51
5785	57
5795	42
5805	51
5815	63
5825	60
5835	45
5845	60
5855	58
5865	75
5875	56
5885	57
5895	50
5905	65
5915	63
5925	56
5935	63
5945	63
5955	56
5965	60
5975	61
5985	60
5995	60
6005	55
6015	60
6025	54
6035	56
6045	60
6055	68
6065	54
6075	70
6085	55
6095	57
6105	45
6115	54
6125	58
6135	55
6145	63
6155	45
6165	56
6175	53
6185	52
6195	60
6205	55
6215	51
6225	60
6235	58
6245	67
6255	61
6265	60
6275	61
6285	47
6295	74
6305	52
6315	54
6325	47
6335	55
6345	56
6355	41
6365	46
6375	52
6385	50
6395	54
6405	61
6415	78
6425	63
6435	62
6445	55
6455	62
6465	56
6475	61
6485	57
6495	58
6505	49
6515	44
6525	56
6535	51
6545	59
6555	53
6565	52
6575	38
6585	50
6595	59
6605	62
6615	48
6625	68
6635	62
6645	60
6655	53
6665	59
6675	81
6685	57
6695	71
6705	40
6715	62
6725	59
6735	37
6745	54
6755	69
6765	49
6775	48
6785	54
6795	61
6805	52
6815	47
6825	57
6835	55
6845	66
6855	71
6865	46
6875	44
6885	53
6895	55
6905	48
6915	73
6925	59
6935	65
6945	57
6955	53
6965	49
6975	55
6985	51
6995	59
7005	52
7015	48
7025	46
7035	47
7045	59
7055	58
7065	54
7075	66
7085	43
7095	50
7105	53
7115	57
7125	53
7135	49
7145	28
7155	52
7165	42
7175	53
7185	60
7195	41
7205	63
7215	55
7225	60
7235	59
7245	51
7255	42
7265	48
7275	54
7285	51
7295	43
7305	45
7315	48
7325	56
7335	38
7345	59
7355	70
7365	59
7375	52
7385	48
7395	59
7405	56
7415	52
7425	52
7435	62
7445	55
7455	56
7465	38
7475	43
7485	52
7495	48
7505	50
7515	45
7525	49
7535	52
7545	53
7555	43
7565	57
7575	59
7585	59
7595	35
7605	39
7615	44
7625	52
7635	49
7645	56
7655	41
7665	49
7675	34
7685	49
7695	45
7705	41
7715	50
7725	45
7735	37
7745	40
7755	44
7765	39
7775	42
7785	42
7795	42
7805	41
7815	38
7825	46
7835	32
7845	35
7855	39
7865	46
7875	43
7885	47
7895	51
7905	40
7915	35
7925	34
7935	37
7945	32
7955	42
7965	28
7975	39
7985	38
7995	33
8005	39
8015	31
8025	27
8035	39
8045	21
8055	25
8065	43
8075	36
8085	41
8095	38
8105	38
8115	26
8125	24
8135	28
8145	40
8155	36
8165	38
8175	38
8185	36
8195	20
8205	28
8215	22
8225	31
8235	28
8245	31
8255	35
8265	27
8275	30
8285	25
8295	28
8305	29
8315	25
8325	21
8335	24
8345	23
8355	29
8365	23
8375	30
8385	20
8395	35
8405	27
8415	22
8425	21
8435	26
8445	23
8455	15
8465	21
8475	14
8485	30
8495	18
8505	21
8515	12
8525	15
8535	22
8545	18
8555	18
8565	15
8575	12
8585	20
8595	18
8605	16
8615	15
8625	24
8635	19
8645	13
8655	15
8665	16
8675	17
8685	13
8695	15
8705	17
8715	23
8725	16
8735	9
8745	18
8755	16
8765	14
8775	8
8785	9
8795	10
8805	10
8815	17
8825	13
8835	10
8845	10
8855	13
8865	9
8875	16
8885	10
8895	12
8905	15
8915	13
8925	14
8935	14
8945	11
8955	9
8965	10
8975	10
8985	18
8995	15
9005	19
9015	16
9025	17
9035	15
9045	8
9055	19
9065	21
9075	12
9085	12
9095	15
9105	17
9115	15
9125	12
9135	12
9145	14
9155	14
9165	13
9175	11
9185	19
9195	23
9205	18
9215	19
9225	16
9235	15
9245	19
9255	19
9265	22
9275	17
9285	22
9295	14
9305	14
9315	23
9325	17
9335	13
9345	18
9355	15
9365	20
9375	25
9385	22
9395	17
9405	17
9415	28
9425	23
9435	20
9445	21
9455	28
9465	21
9475	22
9485	27
9495	23
9505	30
9515	25
9525	20
9535	28
9545	29
9555	37
9565	34
9575	36
9585	27
9595	37
9605	32
9615	35
9625	31
9635	43
9645	33
9655	46
9665	42
9675	43
9685	37
9695	42
9705	44
9715	44
9725	28
9735	48
9745	45
9755	46
9765	51
9775	33
9785	55
9795	37
9805	41
9815	59
9825	52
9835	49
9845	68
9855	62
9865	48
9875	48
9885	60
9895	60
9905	67
9915	73
9925	69
9935	65
9945	70
9955	70
9965	63
9975	68
9985	68
9995	66
10005	80
10015	78
10025	75
10035	60
10045	77
10055	77
10065	75
10075	75
10085	102
10095	71
10105	58
10115	75
10125	82
10135	82
10145	94
10155	80
10165	88
10175	94
10185	87
10195	95
10205	79
10215	86
10225	93
10235	106
10245	95
10255	112
10265	88
10275	97
10285	109
10295	100
10305	103
10315	94
10325	100
10335	107
10345	104
10355	91
10365	111
10375	110
10385	105
10395	107
10405	118
10415	118
10425	97
10435	120
10445	150
10455	111
10465	137
10475	137
10485	105
10495	121
10505	116
10515	122
10525	150
10535	120
10545	114
10555	135
10565	128
10575	136
10585	121
10595	117
10605	127
10615	131
10625	116
10635	145
10645	119
10655	125
10665	118
10675	157
10685	134
10695	136
10705	125
10715	126
10725	123
10735	121
10745	148
10755	124
10765	136
10775	145
10785	112
10795	113
10805	122
10815	136
10825	132
10835	148
10845	136
10855	123
10865	135
10875	109
10885	126
10895	121
10905	169
10915	138
10925	122
10935	130
10945	133
10955	132
10965	110
10975	127
10985	134
10995	124
11005	117
11015	117
11025	132
11035	133
11045	103
11055	119
11065	135
11075	116
11085	110
11095	117
11105	124
11115	115
11125	99
11135	108
11145	94
11155	119
11165	106
11175	104
11185	103
11195	115
11205	106
11215	97
11225	111
11235	118
11245	103
11255	84
11265	114
11275	92
11285	90
11295	90
11305	85
11315	81
11325	109
11335	106
11345	76
11355	106
11365	105
11375	85
11385	73
11395	84
11405	85
11415	86
11425	67
11435	80
11445	88
11455	72
11465	68
11475	62
11485	77
11495	52
11505	59
11515	74
11525	64
11535	61
11545	62
11555	51
11565	62
11575	46
11585	64
11595	49
11605	61
11615	47
11625	55
11635	61
11645	53
11655	51
11665	32
11675	46
11685	39
11695	47
11705	36
11715	44
11725	43
11735	30
11745	35
11755	44
11765	47
11775	35
11785	38
11795	34
11805	36
11815	23
11825	26
11835	24
11845	29
11855	23
11865	33
11875	27
11885	35
11895	27
11905	18
11915	22
11925	20
11935	24
11945	25
11955	26
11965	27
11975	13
11985	16
11995	16
12005	15
12015	20
12025	14
12035	18
12045	10
12055	13
12065	12
12075	13
12085	26
12095	17
12105	13
12115	5
12125	8
12135	15
12145	6
12155	11
12165	5
12175	10
12185	9
12195	9
12205	12
12215	7
12225	10
12235	9
12245	9
12255	7
12265	4
12275	9
12285	5
12295	4
12305	5
12315	8
12325	5
12335	12
12345	2
12355	4
12365	4
12375	4
12385	6
12395	6
12405	5
12415	8
12425	2
12435	4
12445	2
12455	4
12465	2
12475	2
12485	1
12495	6
12505	2
12515	4
12525	3
12535	1
12545	6
12555	5
12565	2
12575	1
12585	1
12595	3
12605	1
12615	2
12625	2
12635	1
12645	2
12655	3
12665	0
12675	1
12685	0
12695	2
12705	0
12715	3
12725	5
12735	0
12745	3
12755	2
12765	1
12775	0
12785	0
12795	1
12805	1
12815	1
12825	1
12835	3
12845	1
12855	2
12865	3
12875	4
12885	4
12895	0
12905	0
12915	1
12925	0
12935	1
12945	0
12955	0
12965	1
12975	0
12985	1
12995	2
13005	0
13015	2
13025	1
13035	2
13045	0
13055	2
13065	0
13075	1
13085	1
13095	2
13105	2
13115	0
13125	0
13135	0
13145	0
13155	0
13165	0
13175	1
13185	3
13195	0
13205	1
13215	2
13225	2
13235	0
13245	0
13255	0
13265	1
13275	0
13285	2
13295	0
13305	3
13315	0
13325	1
13335	1
13345	2
13355	0
13365	1
13375	1
13385	2
13395	3
13405	1
13415	0
13425	0
13435	0
13445	0
13455	0
13465	1
13475	2
13485	0
13495	0
13505	0
13515	0
13525	1
13535	0
13545	0
13555	2
13565	2
13575	1
13585	1
13595	2
13605	1
13615	1
13625	0
13635	0
13645	1
13655	1
13665	0
13675	1
13685	0
13695	0
13705	0
13715	2
13725	1
13735	1
13745	1
13755	0
13765	0
13775	1
13785	0
13795	1
13805	1
13815	1
13825	2
13835	1
13845	1
13855	0
13865	1
13875	0
13885	3
13895	1
13905	1
13915	1
13925	0
13935	0
13945	3
13955	1
13965	2
13975	0
13985	1
13995	1
14005	0
14015	0
14025	2
14035	1
14045	3
14055	1
14065	0
14075	1
14085	1
14095	1
14105	0
14115	0
14125	0
14135	2
14145	0
14155	3
14165	1
14175	0
14185	1
14195	2
14205	2
14215	0
14225	0
14235	0
14245	1
14255	1
14265	1
14275	1
14285	1
14295	1
14305	0
14315	0
14325	0
14335	0
14345	0
14355	0
14365	0
14375	1
14385	1
14395	1
14405	1
14415	0
14425	0
14435	0
14445	0
14455	1
14465	0
14475	1
14485	2
14495	1
14505	2
14515	0
14525	0
14535	1
14545	0
14555	0
14565	0
14575	1
14585	0
14595	2
14605	1
14615	0
14625	0
14635	1
14645	1
14655	2
14665	0
14675	1
14685	1
14695	0
14705	0
14715	1
14725	2
14735	0
14745	1
14755	0
14765	1
14775	1
14785	0
14795	1
14805	0
14815	0
14825	0
14835	3
14845	3
14855	0
14865	1
14875	0
14885	0
14895	3
14905	0
14915	1
14925	0
14935	0
14945	2
14955	0
14965	0
14975	1
14985	1
14995	0
15005	0
15015	0
15025	2
15035	0
15045	0
15055	0
15065	0
15075	0
15085	0
15095	0
15105	0
15115	1
15125	0
15135	0
15145	1
15155	0
15165	1
15175	1
15185	1
15195	0
15205	0
15215	2
15225	0
15235	0
15245	0
15255	0
15265	0
15275	0
15285	0
15295	1
15305	2
15315	0
15325	0
15335	1
15345	1
15355	0
15365	0
15375	0
15385	1
15395	0
15405	0
15415	0
15425	1
15435	0
15445	0
15455	0
15465	0
15475	1
15485	1
15495	0
15505	2
15515	1
15525	1
15535	1
15545	2
15555	0
15565	1
15575	0
15585	0
15595	0
15605	0
15615	0
15625	1
15635	1
15645	1
15655	0
15665	0
15675	0
15685	0
15695	0
15705	1
15715	0
15725	0
15735	0
15745	0
15755	1
15765	0
15775	0
15785	1
15795	0
15805	0
15815	0
15825	0
15835	0
15845	0
15855	0
15865	0
15875	2
15885	0
15895	0
15905	1
15915	0
15925	0
15935	0
15945	0
15955	1
15965	1
15975	0
15985	0
15995	2
16005	2
16015	0
16025	0
16035	3
16045	0
16055	0
16065	0
16075	0
16085	0
16095	0
16105	1
16115	1
16125	0
16135	0
16145	0
16155	0
16165	1
16175	0
16185	0
16195	0
16205	0
16215	1
16225	0
16235	0
16245	1
16255	0
16265	0
16275	0
16285	0
16295	1
16305	1
16315	1
16325	1
16335	1
16345	0
16355	0
16365	0
16375	0
16385	0
16395	1
16405	0
16415	0
16425	0
16435	0
16445	1
16455	0
16465	0
16475	0
16485	1
16495	1
16505	0
16515	0
16525	0
16535	0
16545	0
16555	0
16565	0
16575	0
16585	0
16595	2
16605	0
16615	0
16625	0
16635	0
16645	0
16655	0
16665	0
16675	0
16685	1
16695	0
16705	0
16715	1
16725	0
16735	0
16745	2
16755	1
16765	0
16775	0
16785	0
16795	0
16805	1
16815	1
16825	0
16835	1
16845	0
16855	0
16865	0
16875	1
16885	1
16895	0
16905	0
16915	0
16925	0
16935	1
16945	0
16955	1
16965	1
16975	0
16985	1
16995	0
17005	0
17015	1
17025	0
17035	0
17045	2
17055	1
17065	1
17075	0
17085	0
17095	0
17105	0
17115	1
17125	0
17135	2
17145	1
17155	0
17165	0
17175	0
17185	0
17195	1
17205	1
17215	1
17225	0
17235	0
17245	1
17255	0
17265	0
17275	1
17285	0
17295	0
17305	1
17315	0
17325	0
17335	0
17345	2
17355	0
17365	2
17375	0
17385	0
17395	1
17405	0
17415	1
17425	0
17435	0
17445	0
17455	1
17465	1
17475	0
17485	1
17495	0
17505	0
17515	0
17525	1
17535	0
17545	0
17555	0
17565	0
17575	0
17585	0
17595	0
17605	0
17615	0
17625	0
17635	1
17645	0
17655	1
17665	0
17675	0
17685	0
17695	1
17705	0
17715	0
17725	1
17735	0
17745	0
17755	0
17765	0
17775	0
17785	0
17795	0
17805	0
17815	0
17825	0
17835	0
17845	1
17855	0
17865	0
17875	1
17885	0
17895	1
17905	0
17915	0
17925	0
17935	0
17945	0
17955	1
17965	0
17975	0
17985	0
17995	0
18005	0
18015	0
18025	0
18035	0
18045	0
18055	0
18065	0
18075	1
18085	0
18095	0
18105	0
18115	0
18125	0
18135	0
18145	0
18155	0
18165	0
18175	0
18185	0
18195	0
18205	0
18215	0
18225	0
18235	0
18245	1
18255	1
18265	0
18275	1
18285	0
18295	0
18305	0
18315	0
18325	0
18335	0
18345	1
18355	3
18365	1
18375	0
18385	0
18395	0
18405	0
18415	0
18425	0
18435	0
18445	0
18455	0
18465	0
18475	1
18485	0
18495	0
18505	0
18515	0
18525	0
18535	0
18545	0
18555	0
18565	0
18575	0
18585	0
18595	0
18605	0
18615	1
18625	0
18635	1
18645	0
18655	0
18665	1
18675	0
18685	1
18695	0
18705	0
18715	0
18725	0
18735	0
18745	0
18755	0
18765	0
18775	0
18785	0
18795	0
18805	0
18815	0
18825	0
18835	0
18845	1
18855	1
18865	0
18875	0
18885	0
18895	0
18905	0
18915	1
18925	0
18935	0
18945	0
18955	0
18965	0
18975	0
18985	0
18995	0
19005	0
19015	0
19025	0
19035	0
19045	0
19055	0
19065	0
19075	0
19085	0
19095	0
19105	0
19115	1
19125	0
19135	0
19145	0
19155	1
19165	0
19175	0
19185	0
19195	0
19205	0
19215	0
19225	0
19235	0
19245	0
19255	0
19265	0
19275	0
19285	0
19295	0
19305	0
19315	0
19325	0
19335	0
19345	0
19355	0
19365	0
19375	0
19385	0
19395	1
19405	0
19415	0
19425	0
19435	0
19445	0
19455	1
19465	0
19475	0
19485	0
19495	0
