ADC Channels - Charge distribution	Counts - Charge distribution
-495	0
-485	0
-475	0
-465	0
-455	0
-445	0
-435	0
-425	0
-415	0
-405	0
-395	0
-385	0
-375	0
-365	0
-355	0
-345	0
-335	0
-325	0
-315	0
-305	0
-295	0
-285	0
-275	0
-265	0
-255	0
-245	0
-235	0
-225	0
-215	0
-205	0
-195	0
-185	0
-175	0
-165	0
-155	0
-145	0
-135	0
-125	0
-115	0
-105	0
-95	0
-85	0
-75	0
-65	0
-55	0
-45	0
-35	0
-25	0
-15	0
-5	0
5	0
15	0
25	0
35	0
45	0
55	0
65	0
75	0
85	0
95	1
105	1
115	2
125	0
135	1
145	1
155	0
165	0
175	0
185	0
195	1
205	0
215	3
225	2
235	1
245	2
255	6
265	3
275	1
285	0
295	1
305	1
315	1
325	1
335	5
345	2
355	4
365	4
375	4
385	6
395	7
405	15
415	8
425	5
435	14
445	19
455	14
465	25
475	27
485	35
495	37
505	56
515	65
525	74
535	75
545	73
555	97
565	120
575	130
585	145
595	153
605	167
615	198
625	220
635	239
645	262
655	269
665	288
675	332
685	338
695	413
705	412
715	427
725	420
735	471
745	463
755	493
765	497
775	552
785	588
795	590
805	597
815	609
825	599
835	643
845	705
855	704
865	730
875	772
885	765
895	738
905	785
915	831
925	853
935	848
945	862
955	893
965	905
975	994
985	928
995	999
1005	1000
1015	1065
1025	1076
1035	1060
1045	1092
1055	1121
1065	1119
1075	1173
1085	1200
1095	1129
1105	1216
1115	1224
1125	1212
1135	1187
1145	1212
1155	1275
1165	1188
1175	1189
1185	1190
1195	1163
1205	1159
1215	1150
1225	1257
1235	1169
1245	1170
1255	1188
1265	1128
1275	1102
1285	1136
1295	1025
1305	1084
1315	1035
1325	1060
1335	1065
1345	1029
1355	1033
1365	1023
1375	968
1385	982
1395	992
1405	961
1415	928
1425	923
1435	970
1445	940
1455	887
1465	1004
1475	985
1485	899
1495	921
1505	902
1515	874
1525	926
1535	885
1545	912
1555	909
1565	902
1575	927
1585	876
1595	862
1605	825
1615	871
1625	881
1635	838
1645	849
1655	865
1665	856
1675	868
1685	798
1695	816
1705	836
1715	832
1725	851
1735	815
1745	837
1755	820
1765	832
1775	806
1785	852
1795	872
1805	831
1815	818
1825	815
1835	830
1845	804
1855	773
1865	756
1875	783
1885	795
1895	791
1905	776
1915	754
1925	792
1935	821
1945	819
1955	786
1965	786
1975	799
1985	807
1995	721
2005	763
2015	772
2025	769
2035	784
2045	767
2055	770
2065	761
2075	744
2085	836
2095	773
2105	765
2115	749
2125	741
2135	777
2145	732
2155	751
2165	768
2175	740
2185	772
2195	788
2205	779
2215	773
2225	741
2235	755
2245	736
2255	738
2265	738
2275	743
2285	746
2295	670
2305	708
2315	749
2325	716
2335	656
2345	697
2355	718
2365	711
2375	744
2385	677
2395	718
2405	701
2415	726
2425	678
2435	662
2445	673
2455	706
2465	732
2475	673
2485	746
2495	677
2505	655
2515	688
2525	666
2535	711
2545	641
2555	671
2565	662
2575	666
2585	648
2595	662
2605	708
2615	688
2625	622
2635	639
2645	629
2655	613
2665	627
2675	620
2685	602
2695	622
2705	604
2715	580
2725	626
2735	604
2745	585
2755	577
2765	570
2775	584
2785	532
2795	564
2805	559
2815	516
2825	557
2835	487
2845	563
2855	534
2865	483
2875	499
2885	452
2895	475
2905	487
2915	414
2925	396
2935	455
2945	392
2955	421
2965	408
2975	379
2985	360
2995	366
3005	352
3015	343
3025	312
3035	298
3045	334
3055	305
3065	275
3075	308
3085	295
3095	261
3105	261
3115	226
3125	235
3135	256
3145	212
3155	235
3165	198
3175	209
3185	199
3195	222
3205	185
3215	195
3225	156
3235	158
3245	221
3255	192
3265	209
3275	196
3285	211
3295	218
3305	206
3315	226
3325	239
3335	235
3345	232
3355	260
3365	240
3375	274
3385	307
3395	324
3405	345
3415	340
3425	355
3435	383
3445	391
3455	395
3465	439
3475	476
3485	464
3495	475
3505	505
3515	496
3525	526
3535	562
3545	537
3555	591
3565	647
3575	628
3585	620
3595	683
3605	674
3615	730
3625	680
3635	737
3645	799
3655	830
3665	819
3675	929
3685	867
3695	934
3705	952
3715	957
3725	1117
3735	1062
3745	1111
3755	1166
3765	1248
3775	1281
3785	1363
3795	1461
3805	1438
3815	1567
3825	1590
3835	1676
3845	1697
3855	1840
3865	1943
3875	1999
3885	2040
3895	2173
3905	2253
3915	2235
3925	2456
3935	2570
3945	2563
3955	2713
3965	2670
3975	2751
3985	2809
3995	2901
4005	2848
4015	3020
4025	3027
4035	3067
4045	3119
4055	3098
4065	3124
4075	3053
4085	3099
4095	3071
4105	3058
4115	3026
4125	3005
4135	2816
4145	2828
4155	2906
4165	2716
4175	2705
4185	2570
4195	2605
4205	2472
4215	2405
4225	2274
4235	2173
4245	2146
4255	2097
4265	1888
4275	1833
4285	1748
4295	1637
4305	1545
4315	1461
4325	1398
4335	1261
4345	1172
4355	1079
4365	1069
4375	963
4385	847
4395	802
4405	802
4415	688
4425	659
4435	584
4445	574
4455	470
4465	398
4475	374
4485	358
4495	322
4505	304
4515	248
4525	233
4535	222
4545	199
4555	142
4565	166
4575	143
4585	101
4595	100
4605	96
4615	81
4625	61
4635	73
4645	58
4655	48
4665	49
4675	43
4685	39
4695	32
4705	30
4715	24
4725	22
4735	19
4745	15
4755	13
4765	18
4775	19
4785	12
4795	11
4805	6
4815	15
4825	19
4835	11
4845	16
4855	9
4865	4
4875	6
4885	9
4895	6
4905	16
4915	10
4925	7
4935	10
4945	8
4955	7
4965	13
4975	16
4985	7
4995	4
5005	8
5015	3
5025	7
5035	6
5045	3
5055	9
5065	7
5075	4
5085	9
5095	7
5105	6
5115	2
5125	5
5135	10
5145	9
5155	7
5165	2
5175	10
5185	15
5195	6
5205	6
5215	5
5225	10
5235	13
5245	2
5255	10
5265	6
5275	8
5285	8
5295	3
5305	10
5315	10
5325	6
5335	11
5345	7
5355	5
5365	12
5375	3
5385	12
5395	9
5405	8
5415	6
5425	4
5435	7
5445	8
5455	5
5465	6
5475	9
5485	5
5495	3
5505	6
5515	7
5525	8
5535	8
5545	8
5555	5
5565	2
5575	7
5585	5
5595	2
5605	5
5615	6
5625	7
5635	9
5645	4
5655	4
5665	6
5675	3
5685	4
5695	6
5705	6
5715	3
5725	7
5735	4
5745	2
5755	5
5765	6
5775	7
5785	3
5795	11
5805	3
5815	2
5825	6
5835	6
5845	5
5855	3
5865	4
5875	9
5885	10
5895	6
5905	2
5915	8
5925	4
5935	3
5945	4
5955	6
5965	4
5975	5
5985	3
5995	7
6005	9
6015	6
6025	7
6035	3
6045	5
6055	3
6065	3
6075	1
6085	3
6095	4
6105	5
6115	4
6125	3
6135	4
6145	3
6155	2
6165	4
6175	2
6185	5
6195	1
6205	3
6215	5
6225	5
6235	4
6245	7
6255	4
6265	3
6275	6
6285	5
6295	6
6305	3
6315	3
6325	3
6335	4
6345	3
6355	1
6365	2
6375	3
6385	4
6395	2
6405	0
6415	5
6425	2
6435	3
6445	2
6455	0
6465	1
6475	3
6485	2
6495	7
6505	4
6515	3
6525	3
6535	4
6545	1
6555	2
6565	5
6575	5
6585	8
6595	4
6605	4
6615	2
6625	1
6635	1
6645	0
6655	2
6665	3
6675	4
6685	1
6695	3
6705	2
6715	1
6725	3
6735	2
6745	1
6755	2
6765	0
6775	2
6785	2
6795	3
6805	2
6815	2
6825	0
6835	0
6845	2
6855	5
6865	2
6875	3
6885	2
6895	5
6905	4
6915	2
6925	4
6935	2
6945	4
6955	3
6965	2
6975	1
6985	2
6995	1
7005	4
7015	2
7025	3
7035	1
7045	3
7055	2
7065	1
7075	5
7085	2
7095	4
7105	3
7115	0
7125	3
7135	4
7145	2
7155	4
7165	0
7175	1
7185	4
7195	4
7205	6
7215	3
7225	0
7235	2
7245	1
7255	2
7265	1
7275	2
7285	6
7295	5
7305	1
7315	3
7325	5
7335	2
7345	3
7355	1
7365	2
7375	2
7385	3
7395	3
7405	4
7415	2
7425	3
7435	7
7445	1
7455	4
7465	2
7475	4
7485	4
7495	2
7505	3
7515	2
7525	4
7535	2
7545	1
7555	4
7565	1
7575	2
7585	4
7595	2
7605	2
7615	5
7625	5
7635	1
7645	3
7655	3
7665	5
7675	5
7685	2
7695	4
7705	2
7715	3
7725	4
7735	3
7745	6
7755	1
7765	3
7775	2
7785	3
7795	2
7805	1
7815	1
7825	5
7835	3
7845	1
7855	3
7865	5
7875	5
7885	5
7895	2
7905	4
7915	0
7925	2
7935	1
7945	1
7955	0
7965	3
7975	3
7985	1
7995	1
8005	1
8015	1
8025	2
8035	3
8045	4
8055	2
8065	1
8075	1
8085	3
8095	1
8105	0
8115	1
8125	0
8135	1
8145	1
8155	1
8165	0
8175	0
8185	0
8195	0
8205	0
8215	1
8225	1
8235	0
8245	0
8255	0
8265	2
8275	1
8285	1
8295	0
8305	0
8315	1
8325	0
8335	0
8345	1
8355	1
8365	0
8375	0
8385	0
8395	0
8405	0
8415	0
8425	0
8435	1
8445	1
8455	0
8465	1
8475	0
8485	0
8495	0
8505	0
8515	0
8525	0
8535	0
8545	0
8555	0
8565	0
8575	0
8585	1
8595	0
8605	1
8615	1
8625	0
8635	0
8645	1
8655	0
8665	0
8675	0
8685	0
8695	0
8705	0
8715	0
8725	0
8735	1
8745	0
8755	0
8765	0
8775	0
8785	0
8795	0
8805	0
8815	0
8825	0
8835	0
8845	0
8855	0
8865	0
8875	0
8885	0
8895	0
8905	0
8915	0
8925	0
8935	1
8945	0
8955	0
8965	0
8975	0
8985	0
8995	0
9005	0
9015	0
9025	0
9035	0
9045	0
9055	0
9065	0
9075	0
9085	0
9095	0
9105	0
9115	0
9125	0
9135	0
9145	0
9155	0
9165	0
9175	0
9185	1
9195	0
9205	0
9215	0
9225	0
9235	0
9245	0
9255	0
9265	0
9275	0
9285	0
9295	0
9305	0
9315	0
9325	0
9335	0
9345	0
9355	0
9365	0
9375	0
9385	0
9395	0
9405	0
9415	0
9425	0
9435	0
9445	0
9455	0
9465	0
9475	0
9485	0
9495	0
9505	0
9515	0
9525	0
9535	0
9545	0
9555	0
9565	0
9575	0
9585	1
9595	0
9605	0
9615	0
9625	0
9635	0
9645	0
9655	0
9665	0
9675	0
9685	0
9695	0
9705	0
9715	0
9725	0
9735	0
9745	0
9755	0
9765	0
9775	0
9785	0
9795	0
9805	0
9815	0
9825	0
9835	0
9845	0
9855	0
9865	0
9875	0
9885	0
9895	0
9905	0
9915	0
9925	0
9935	0
9945	0
9955	0
9965	0
9975	0
9985	0
9995	0
10005	0
10015	0
10025	0
10035	0
10045	0
10055	0
10065	0
10075	0
10085	0
10095	0
10105	0
10115	0
10125	0
10135	0
10145	0
10155	0
10165	0
10175	0
10185	0
10195	0
10205	0
10215	0
10225	0
10235	0
10245	0
10255	0
10265	0
10275	0
10285	0
10295	0
10305	0
10315	0
10325	0
10335	0
10345	0
10355	0
10365	0
10375	0
10385	0
10395	0
10405	0
10415	0
10425	0
10435	0
10445	0
10455	0
10465	0
10475	0
10485	0
10495	0
10505	0
10515	0
10525	0
10535	0
10545	0
10555	0
10565	0
10575	0
10585	0
10595	0
10605	0
10615	0
10625	0
10635	0
10645	0
10655	0
10665	0
10675	0
10685	0
10695	0
10705	0
10715	0
10725	0
10735	0
10745	0
10755	0
10765	0
10775	0
10785	0
10795	0
10805	0
10815	0
10825	0
10835	0
10845	0
10855	0
10865	0
10875	0
10885	0
10895	0
10905	0
10915	0
10925	0
10935	0
10945	0
10955	0
10965	0
10975	0
10985	0
10995	0
11005	0
11015	0
11025	0
11035	0
11045	0
11055	0
11065	0
11075	0
11085	0
11095	0
11105	0
11115	0
11125	0
11135	0
11145	0
11155	0
11165	0
11175	0
11185	0
11195	0
11205	0
11215	0
11225	0
11235	0
11245	0
11255	0
11265	0
11275	0
11285	0
11295	0
11305	0
11315	0
11325	0
11335	0
11345	0
11355	0
11365	0
11375	0
11385	0
11395	0
11405	0
11415	0
11425	0
11435	0
11445	0
11455	0
11465	0
11475	0
11485	0
11495	0
11505	0
11515	0
11525	0
11535	0
11545	0
11555	0
11565	0
11575	0
11585	0
11595	0
11605	0
11615	0
11625	0
11635	0
11645	0
11655	0
11665	0
11675	0
11685	0
11695	0
11705	0
11715	0
11725	0
11735	0
11745	0
11755	0
11765	0
11775	0
11785	0
11795	0
11805	0
11815	0
11825	0
11835	0
11845	0
11855	0
11865	0
11875	0
11885	0
11895	0
11905	0
11915	0
11925	0
11935	0
11945	0
11955	0
11965	0
11975	0
11985	0
11995	0
12005	0
12015	0
12025	0
12035	0
12045	0
12055	0
12065	0
12075	0
12085	0
12095	0
12105	0
12115	0
12125	0
12135	0
12145	0
12155	0
12165	0
12175	0
12185	0
12195	0
12205	0
12215	0
12225	0
12235	0
12245	0
12255	0
12265	0
12275	0
12285	0
12295	0
12305	0
12315	0
12325	0
12335	0
12345	0
12355	0
12365	0
12375	0
12385	0
12395	0
12405	0
12415	0
12425	0
12435	0
12445	0
12455	0
12465	0
12475	0
12485	0
12495	0
12505	0
12515	0
12525	0
12535	0
12545	0
12555	0
12565	0
12575	0
12585	0
12595	0
12605	0
12615	0
12625	0
12635	0
12645	0
12655	0
12665	0
12675	0
12685	0
12695	0
12705	0
12715	0
12725	0
12735	0
12745	0
12755	0
12765	0
12775	0
12785	0
12795	0
12805	0
12815	0
12825	0
12835	0
12845	0
12855	0
12865	0
12875	0
12885	0
12895	0
12905	0
12915	0
12925	0
12935	0
12945	0
12955	0
12965	0
12975	0
12985	0
12995	0
13005	0
13015	0
13025	0
13035	0
13045	0
13055	0
13065	0
13075	0
13085	0
13095	0
13105	0
13115	0
13125	0
13135	0
13145	0
13155	0
13165	0
13175	0
13185	0
13195	0
13205	0
13215	0
13225	0
13235	0
13245	0
13255	0
13265	0
13275	0
13285	0
13295	0
13305	0
13315	0
13325	0
13335	0
13345	0
13355	0
13365	0
13375	0
13385	0
13395	0
13405	0
13415	0
13425	0
13435	0
13445	0
13455	0
13465	0
13475	0
13485	0
13495	0
13505	0
13515	0
13525	0
13535	0
13545	0
13555	0
13565	0
13575	0
13585	0
13595	0
13605	0
13615	0
13625	0
13635	0
13645	0
13655	0
13665	0
13675	0
13685	0
13695	0
13705	0
13715	0
13725	0
13735	0
13745	0
13755	0
13765	0
13775	0
13785	0
13795	0
13805	0
13815	0
13825	0
13835	0
13845	0
13855	0
13865	0
13875	0
13885	0
13895	0
13905	0
13915	0
13925	0
13935	0
13945	0
13955	0
13965	0
13975	0
13985	0
13995	0
14005	0
14015	0
14025	0
14035	0
14045	0
14055	0
14065	0
14075	0
14085	0
14095	0
14105	0
14115	0
14125	0
14135	0
14145	0
14155	0
14165	0
14175	0
14185	0
14195	0
14205	0
14215	0
14225	0
14235	0
14245	0
14255	0
14265	0
14275	0
14285	0
14295	0
14305	0
14315	0
14325	0
14335	0
14345	0
14355	0
14365	0
14375	0
14385	0
14395	0
14405	0
14415	0
14425	0
14435	0
14445	0
14455	0
14465	0
14475	0
14485	0
14495	0
14505	0
14515	0
14525	0
14535	0
14545	0
14555	0
14565	0
14575	0
14585	0
14595	0
14605	0
14615	0
14625	0
14635	0
14645	0
14655	0
14665	0
14675	0
14685	0
14695	0
14705	0
14715	0
14725	0
14735	0
14745	0
14755	0
14765	0
14775	0
14785	0
14795	0
14805	0
14815	0
14825	0
14835	0
14845	0
14855	0
14865	0
14875	0
14885	0
14895	0
14905	0
14915	0
14925	0
14935	0
14945	0
14955	0
14965	0
14975	0
14985	0
14995	0
15005	0
15015	0
15025	0
15035	0
15045	0
15055	0
15065	0
15075	0
15085	0
15095	0
15105	0
15115	0
15125	0
15135	0
15145	0
15155	0
15165	0
15175	0
15185	0
15195	0
15205	0
15215	0
15225	0
15235	0
15245	0
15255	0
15265	0
15275	0
15285	0
15295	0
15305	0
15315	0
15325	0
15335	0
15345	0
15355	0
15365	0
15375	0
15385	0
15395	0
15405	0
15415	0
15425	0
15435	0
15445	0
15455	0
15465	0
15475	0
15485	0
15495	0
15505	0
15515	0
15525	0
15535	0
15545	0
15555	0
15565	0
15575	0
15585	0
15595	0
15605	0
15615	0
15625	0
15635	0
15645	0
15655	0
15665	0
15675	0
15685	0
15695	0
15705	0
15715	0
15725	0
15735	0
15745	0
15755	0
15765	0
15775	0
15785	0
15795	0
15805	0
15815	0
15825	0
15835	0
15845	0
15855	0
15865	0
15875	0
15885	0
15895	0
15905	0
15915	0
15925	0
15935	0
15945	0
15955	0
15965	0
15975	0
15985	0
15995	0
16005	0
16015	0
16025	0
16035	0
16045	0
16055	0
16065	0
16075	0
16085	0
16095	0
16105	0
16115	0
16125	0
16135	0
16145	0
16155	0
16165	0
16175	0
16185	0
16195	0
16205	0
16215	0
16225	0
16235	0
16245	0
16255	0
16265	0
16275	0
16285	0
16295	0
16305	0
16315	0
16325	0
16335	0
16345	0
16355	0
16365	0
16375	0
16385	0
16395	0
16405	0
16415	0
16425	0
16435	0
16445	0
16455	0
16465	0
16475	0
16485	0
16495	0
16505	0
16515	0
16525	0
16535	0
16545	0
16555	0
16565	0
16575	0
16585	0
16595	0
16605	0
16615	0
16625	0
16635	0
16645	0
16655	0
16665	0
16675	0
16685	0
16695	0
16705	0
16715	0
16725	0
16735	0
16745	0
16755	0
16765	0
16775	0
16785	0
16795	0
16805	0
16815	0
16825	0
16835	0
16845	0
16855	0
16865	0
16875	0
16885	0
16895	0
16905	0
16915	0
16925	0
16935	0
16945	0
16955	0
16965	0
16975	0
16985	0
16995	0
17005	0
17015	0
17025	0
17035	0
17045	0
17055	0
17065	0
17075	0
17085	0
17095	0
17105	0
17115	0
17125	0
17135	0
17145	0
17155	0
17165	0
17175	0
17185	0
17195	0
17205	0
17215	0
17225	0
17235	0
17245	0
17255	0
17265	0
17275	0
17285	0
17295	0
17305	0
17315	0
17325	0
17335	0
17345	0
17355	0
17365	0
17375	0
17385	0
17395	0
17405	0
17415	0
17425	0
17435	0
17445	0
17455	0
17465	0
17475	0
17485	0
17495	0
17505	0
17515	0
17525	0
17535	0
17545	0
17555	0
17565	0
17575	0
17585	0
17595	0
17605	0
17615	0
17625	0
17635	0
17645	0
17655	0
17665	0
17675	0
17685	0
17695	0
17705	0
17715	0
17725	0
17735	0
17745	0
17755	0
17765	0
17775	0
17785	0
17795	0
17805	0
17815	0
17825	0
17835	0
17845	0
17855	0
17865	0
17875	0
17885	0
17895	0
17905	0
17915	0
17925	0
17935	0
17945	0
17955	0
17965	0
17975	0
17985	0
17995	0
18005	0
18015	0
18025	0
18035	0
18045	0
18055	0
18065	0
18075	0
18085	0
18095	0
18105	0
18115	0
18125	0
18135	0
18145	0
18155	0
18165	0
18175	0
18185	0
18195	0
18205	0
18215	0
18225	0
18235	0
18245	0
18255	0
18265	0
18275	0
18285	0
18295	0
18305	0
18315	0
18325	0
18335	0
18345	0
18355	0
18365	0
18375	0
18385	0
18395	0
18405	0
18415	0
18425	0
18435	0
18445	0
18455	0
18465	0
18475	0
18485	0
18495	0
18505	0
18515	0
18525	0
18535	0
18545	0
18555	0
18565	0
18575	0
18585	0
18595	0
18605	0
18615	0
18625	0
18635	0
18645	0
18655	0
18665	0
18675	0
18685	0
18695	0
18705	0
18715	0
18725	0
18735	0
18745	0
18755	0
18765	0
18775	0
18785	0
18795	0
18805	0
18815	0
18825	0
18835	0
18845	0
18855	0
18865	0
18875	0
18885	0
18895	0
18905	0
18915	0
18925	0
18935	0
18945	0
18955	0
18965	0
18975	0
18985	0
18995	0
19005	0
19015	0
19025	0
19035	0
19045	0
19055	0
19065	0
19075	0
19085	0
19095	0
19105	0
19115	0
19125	0
19135	0
19145	0
19155	0
19165	0
19175	0
19185	0
19195	0
19205	0
19215	0
19225	0
19235	0
19245	0
19255	0
19265	0
19275	0
19285	0
19295	0
19305	0
19315	0
19325	0
19335	0
19345	0
19355	0
19365	0
19375	0
19385	0
19395	0
19405	0
19415	0
19425	0
19435	0
19445	0
19455	0
19465	0
19475	0
19485	0
19495	0
