ADC Channels - Charge distribution	Counts - Charge distribution
-495	0
-485	0
-475	0
-465	0
-455	0
-445	0
-435	0
-425	0
-415	0
-405	0
-395	0
-385	0
-375	0
-365	0
-355	0
-345	0
-335	0
-325	0
-315	0
-305	0
-295	0
-285	0
-275	0
-265	0
-255	0
-245	0
-235	0
-225	0
-215	0
-205	0
-195	0
-185	0
-175	0
-165	0
-155	0
-145	0
-135	0
-125	0
-115	0
-105	0
-95	0
-85	0
-75	0
-65	0
-55	0
-45	0
-35	0
-25	0
-15	0
-5	0
5	0
15	0
25	0
35	0
45	0
55	0
65	0
75	0
85	0
95	0
105	0
115	0
125	0
135	0
145	0
155	0
165	0
175	0
185	0
195	0
205	0
215	0
225	0
235	0
245	0
255	0
265	0
275	0
285	0
295	0
305	0
315	0
325	0
335	0
345	0
355	0
365	0
375	0
385	0
395	0
405	0
415	0
425	0
435	0
445	0
455	0
465	0
475	0
485	0
495	0
505	0
515	0
525	0
535	0
545	0
555	0
565	0
575	0
585	0
595	0
605	0
615	0
625	1
635	0
645	0
655	0
665	3
675	0
685	0
695	0
705	0
715	0
725	0
735	0
745	0
755	0
765	2
775	3
785	2
795	1
805	3
815	3
825	2
835	7
845	4
855	8
865	3
875	4
885	3
895	12
905	7
915	4
925	7
935	8
945	16
955	12
965	8
975	11
985	17
995	20
1005	15
1015	25
1025	24
1035	8
1045	23
1055	27
1065	17
1075	22
1085	30
1095	23
1105	29
1115	25
1125	29
1135	28
1145	28
1155	23
1165	32
1175	33
1185	38
1195	24
1205	35
1215	32
1225	27
1235	42
1245	31
1255	25
1265	23
1275	27
1285	34
1295	27
1305	26
1315	31
1325	32
1335	35
1345	28
1355	37
1365	37
1375	31
1385	30
1395	37
1405	31
1415	30
1425	25
1435	27
1445	29
1455	24
1465	23
1475	38
1485	23
1495	28
1505	30
1515	25
1525	28
1535	20
1545	42
1555	23
1565	23
1575	39
1585	32
1595	20
1605	30
1615	32
1625	30
1635	28
1645	38
1655	20
1665	35
1675	26
1685	23
1695	39
1705	26
1715	26
1725	25
1735	39
1745	27
1755	23
1765	24
1775	20
1785	19
1795	23
1805	16
1815	31
1825	24
1835	24
1845	23
1855	24
1865	21
1875	19
1885	24
1895	25
1905	18
1915	21
1925	27
1935	17
1945	20
1955	13
1965	15
1975	21
1985	16
1995	26
2005	16
2015	15
2025	15
2035	17
2045	11
2055	24
2065	13
2075	19
2085	14
2095	12
2105	21
2115	13
2125	12
2135	10
2145	13
2155	12
2165	15
2175	16
2185	7
2195	17
2205	17
2215	10
2225	17
2235	16
2245	14
2255	15
2265	11
2275	11
2285	11
2295	21
2305	13
2315	7
2325	12
2335	10
2345	11
2355	14
2365	9
2375	7
2385	10
2395	6
2405	11
2415	14
2425	14
2435	15
2445	11
2455	8
2465	10
2475	8
2485	17
2495	11
2505	21
2515	24
2525	14
2535	19
2545	14
2555	17
2565	16
2575	16
2585	25
2595	21
2605	17
2615	14
2625	25
2635	10
2645	19
2655	18
2665	28
2675	22
2685	16
2695	29
2705	35
2715	31
2725	16
2735	18
2745	19
2755	14
2765	21
2775	24
2785	21
2795	21
2805	28
2815	23
2825	22
2835	16
2845	30
2855	33
2865	28
2875	25
2885	31
2895	33
2905	37
2915	37
2925	43
2935	44
2945	48
2955	63
2965	51
2975	58
2985	61
2995	64
3005	74
3015	69
3025	83
3035	78
3045	83
3055	84
3065	90
3075	88
3085	105
3095	97
3105	84
3115	119
3125	93
3135	104
3145	95
3155	107
3165	112
3175	108
3185	101
3195	117
3205	119
3215	124
3225	107
3235	101
3245	99
3255	101
3265	99
3275	106
3285	94
3295	96
3305	79
3315	82
3325	86
3335	92
3345	69
3355	67
3365	66
3375	65
3385	50
3395	50
3405	51
3415	41
3425	37
3435	36
3445	41
3455	32
3465	27
3475	22
3485	26
3495	34
3505	36
3515	23
3525	14
3535	17
3545	11
3555	9
3565	11
3575	15
3585	10
3595	11
3605	8
3615	6
3625	9
3635	7
3645	9
3655	2
3665	9
3675	7
3685	3
3695	3
3705	7
3715	7
3725	2
3735	6
3745	5
3755	2
3765	4
3775	2
3785	4
3795	4
3805	4
3815	3
3825	5
3835	4
3845	2
3855	4
3865	4
3875	3
3885	4
3895	4
3905	3
3915	3
3925	5
3935	2
3945	5
3955	1
3965	0
3975	4
3985	3
3995	2
4005	2
4015	4
4025	3
4035	3
4045	1
4055	2
4065	4
4075	3
4085	5
4095	2
4105	1
4115	4
4125	5
4135	1
4145	4
4155	0
4165	1
4175	2
4185	3
4195	2
4205	3
4215	3
4225	3
4235	4
4245	2
4255	2
4265	3
4275	5
4285	1
4295	5
4305	2
4315	7
4325	2
4335	3
4345	6
4355	3
4365	4
4375	1
4385	2
4395	3
4405	5
4415	2
4425	4
4435	9
4445	5
4455	1
4465	2
4475	7
4485	6
4495	2
4505	4
4515	5
4525	3
4535	3
4545	4
4555	5
4565	4
4575	5
4585	4
4595	3
4605	2
4615	3
4625	9
4635	1
4645	1
4655	3
4665	5
4675	2
4685	5
4695	4
4705	3
4715	0
4725	2
4735	4
4745	3
4755	3
4765	4
4775	1
4785	3
4795	7
4805	2
4815	4
4825	4
4835	5
4845	3
4855	3
4865	5
4875	4
4885	3
4895	4
4905	5
4915	3
4925	2
4935	4
4945	5
4955	4
4965	5
4975	2
4985	3
4995	6
5005	2
5015	2
5025	2
5035	1
5045	3
5055	3
5065	3
5075	5
5085	2
5095	0
5105	3
5115	2
5125	2
5135	1
5145	4
5155	4
5165	1
5175	3
5185	4
5195	4
5205	3
5215	1
5225	1
5235	3
5245	0
5255	2
5265	4
5275	0
5285	6
5295	3
5305	2
5315	4
5325	8
5335	0
5345	3
5355	3
5365	3
5375	2
5385	5
5395	0
5405	3
5415	4
5425	3
5435	2
5445	3
5455	4
5465	4
5475	4
5485	3
5495	0
5505	3
5515	4
5525	1
5535	2
5545	2
5555	3
5565	1
5575	2
5585	4
5595	1
5605	6
5615	2
5625	3
5635	3
5645	2
5655	7
5665	5
5675	6
5685	10
5695	6
5705	4
5715	5
5725	5
5735	1
5745	5
5755	2
5765	1
5775	6
5785	3
5795	2
5805	5
5815	3
5825	1
5835	7
5845	4
5855	2
5865	0
5875	3
5885	4
5895	3
5905	4
5915	3
5925	0
5935	2
5945	5
5955	1
5965	4
5975	3
5985	5
5995	3
6005	2
6015	3
6025	5
6035	2
6045	3
6055	7
6065	0
6075	3
6085	0
6095	10
6105	2
6115	2
6125	1
6135	1
6145	3
6155	2
6165	1
6175	4
6185	4
6195	3
6205	3
6215	8
6225	6
6235	4
6245	3
6255	2
6265	2
6275	8
6285	3
6295	1
6305	5
6315	3
6325	3
6335	5
6345	6
6355	1
6365	3
6375	2
6385	3
6395	3
6405	4
6415	2
6425	2
6435	4
6445	2
6455	8
6465	4
6475	3
6485	3
6495	1
6505	3
6515	2
6525	0
6535	1
6545	2
6555	1
6565	3
6575	2
6585	1
6595	2
6605	3
6615	4
6625	2
6635	1
6645	2
6655	1
6665	5
6675	1
6685	0
6695	0
6705	1
6715	1
6725	0
6735	1
6745	3
6755	3
6765	1
6775	2
6785	3
6795	1
6805	1
6815	0
6825	0
6835	2
6845	2
6855	2
6865	1
6875	1
6885	1
6895	0
6905	0
6915	2
6925	1
6935	0
6945	1
6955	1
6965	0
6975	1
6985	2
6995	2
7005	1
7015	1
7025	0
7035	2
7045	1
7055	1
7065	0
7075	1
7085	1
7095	2
7105	1
7115	2
7125	2
7135	1
7145	1
7155	1
7165	3
7175	3
7185	1
7195	2
7205	2
7215	2
7225	2
7235	2
7245	3
7255	1
7265	4
7275	2
7285	0
7295	2
7305	1
7315	2
7325	2
7335	0
7345	3
7355	4
7365	5
7375	3
7385	3
7395	1
7405	6
7415	4
7425	5
7435	7
7445	10
7455	7
7465	7
7475	3
7485	10
7495	5
7505	3
7515	12
7525	3
7535	7
7545	4
7555	8
7565	9
7575	4
7585	9
7595	4
7605	11
7615	12
7625	14
7635	4
7645	7
7655	8
7665	8
7675	6
7685	11
7695	9
7705	7
7715	6
7725	8
7735	9
7745	17
7755	6
7765	8
7775	8
7785	5
7795	14
7805	10
7815	8
7825	6
7835	6
7845	6
7855	8
7865	12
7875	7
7885	7
7895	6
7905	9
7915	12
7925	4
7935	8
7945	8
7955	6
7965	2
7975	7
7985	4
7995	7
8005	3
8015	8
8025	3
8035	5
8045	4
8055	3
8065	4
8075	4
8085	4
8095	7
8105	5
8115	6
8125	6
8135	3
8145	2
8155	4
8165	1
8175	4
8185	5
8195	6
8205	0
8215	4
8225	2
8235	2
8245	1
8255	3
8265	2
8275	1
8285	0
8295	0
8305	0
8315	2
8325	1
8335	0
8345	0
8355	1
8365	0
8375	0
8385	1
8395	0
8405	0
8415	1
8425	0
8435	0
8445	0
8455	0
8465	0
8475	1
8485	0
8495	0
8505	1
8515	0
8525	1
8535	0
8545	0
8555	0
8565	0
8575	1
8585	0
8595	0
8605	0
8615	0
8625	0
8635	0
8645	0
8655	0
8665	0
8675	0
8685	0
8695	0
8705	0
8715	0
8725	0
8735	0
8745	0
8755	1
8765	0
8775	0
8785	1
8795	0
8805	0
8815	0
8825	0
8835	0
8845	0
8855	0
8865	0
8875	0
8885	0
8895	0
8905	0
8915	0
8925	0
8935	0
8945	0
8955	0
8965	0
8975	1
8985	0
8995	0
9005	0
9015	0
9025	0
9035	0
9045	0
9055	0
9065	0
9075	0
9085	0
9095	0
9105	1
9115	0
9125	0
9135	1
9145	0
9155	0
9165	0
9175	0
9185	0
9195	0
9205	0
9215	0
9225	0
9235	0
9245	0
9255	0
9265	0
9275	0
9285	0
9295	0
9305	0
9315	0
9325	0
9335	0
9345	0
9355	0
9365	1
9375	0
9385	0
9395	0
9405	0
9415	0
9425	0
9435	0
9445	0
9455	1
9465	0
9475	0
9485	0
9495	0
9505	0
9515	0
9525	0
9535	0
9545	1
9555	1
9565	0
9575	0
9585	0
9595	0
9605	0
9615	0
9625	0
9635	0
9645	0
9655	0
9665	0
9675	0
9685	0
9695	0
9705	0
9715	0
9725	0
9735	0
9745	0
9755	0
9765	0
9775	0
9785	0
9795	0
9805	0
9815	0
9825	0
9835	0
9845	0
9855	0
9865	0
9875	0
9885	0
9895	0
9905	0
9915	0
9925	0
9935	0
9945	0
9955	0
9965	1
9975	0
9985	0
9995	0
10005	0
10015	0
10025	0
10035	0
10045	0
10055	0
10065	0
10075	0
10085	0
10095	0
10105	0
10115	0
10125	0
10135	1
10145	0
10155	0
10165	0
10175	0
10185	0
10195	0
10205	0
10215	1
10225	0
10235	0
10245	1
10255	1
10265	0
10275	1
10285	0
10295	0
10305	0
10315	1
10325	0
10335	0
10345	0
10355	0
10365	0
10375	1
10385	0
10395	0
10405	0
10415	0
10425	0
10435	1
10445	0
10455	0
10465	0
10475	2
10485	0
10495	0
10505	0
10515	0
10525	0
10535	0
10545	0
10555	0
10565	0
10575	1
10585	0
10595	0
10605	0
10615	0
10625	0
10635	1
10645	0
10655	0
10665	0
10675	0
10685	0
10695	0
10705	0
10715	0
10725	0
10735	0
10745	0
10755	0
10765	0
10775	0
10785	0
10795	0
10805	0
10815	0
10825	0
10835	0
10845	0
10855	0
10865	0
10875	0
10885	0
10895	0
10905	0
10915	0
10925	0
10935	0
10945	0
10955	0
10965	0
10975	0
10985	0
10995	0
11005	0
11015	0
11025	0
11035	0
11045	1
11055	0
11065	0
11075	0
11085	0
11095	0
11105	0
11115	0
11125	0
11135	0
11145	0
11155	0
11165	0
11175	0
11185	0
11195	0
11205	0
11215	0
11225	0
11235	0
11245	0
11255	0
11265	0
11275	0
11285	0
11295	0
11305	0
11315	0
11325	0
11335	0
11345	0
11355	0
11365	0
11375	0
11385	0
11395	0
11405	0
11415	0
11425	0
11435	0
11445	0
11455	0
11465	0
11475	0
11485	0
11495	0
11505	0
11515	0
11525	0
11535	0
11545	0
11555	0
11565	0
11575	0
11585	0
11595	0
11605	0
11615	0
11625	0
11635	0
11645	0
11655	0
11665	0
11675	0
11685	0
11695	0
11705	0
11715	0
11725	0
11735	0
11745	0
11755	0
11765	0
11775	0
11785	0
11795	0
11805	0
11815	0
11825	0
11835	0
11845	0
11855	0
11865	0
11875	0
11885	0
11895	0
11905	0
11915	0
11925	0
11935	0
11945	0
11955	0
11965	0
11975	0
11985	0
11995	0
12005	0
12015	0
12025	0
12035	0
12045	0
12055	0
12065	0
12075	0
12085	0
12095	0
12105	0
12115	0
12125	0
12135	0
12145	0
12155	0
12165	0
12175	0
12185	0
12195	0
12205	0
12215	0
12225	0
12235	0
12245	0
12255	0
12265	0
12275	0
12285	0
12295	0
12305	0
12315	0
12325	0
12335	0
12345	0
12355	0
12365	0
12375	0
12385	0
12395	0
12405	0
12415	0
12425	0
12435	0
12445	0
12455	0
12465	0
12475	0
12485	0
12495	0
12505	0
12515	0
12525	0
12535	0
12545	0
12555	0
12565	0
12575	0
12585	0
12595	0
12605	0
12615	0
12625	0
12635	0
12645	0
12655	0
12665	0
12675	0
12685	0
12695	0
12705	0
12715	0
12725	0
12735	0
12745	0
12755	0
12765	0
12775	0
12785	0
12795	0
12805	0
12815	0
12825	0
12835	0
12845	0
12855	0
12865	0
12875	0
12885	0
12895	0
12905	0
12915	0
12925	0
12935	0
12945	0
12955	0
12965	0
12975	0
12985	0
12995	0
13005	0
13015	0
13025	0
13035	0
13045	0
13055	0
13065	0
13075	0
13085	0
13095	0
13105	0
13115	0
13125	0
13135	0
13145	0
13155	0
13165	0
13175	0
13185	0
13195	0
13205	0
13215	0
13225	0
13235	0
13245	0
13255	0
13265	0
13275	0
13285	0
13295	0
13305	0
13315	0
13325	0
13335	0
13345	0
13355	0
13365	0
13375	0
13385	0
13395	0
13405	0
13415	0
13425	0
13435	0
13445	0
13455	0
13465	0
13475	0
13485	0
13495	0
13505	0
13515	0
13525	0
13535	0
13545	0
13555	0
13565	0
13575	0
13585	0
13595	0
13605	0
13615	0
13625	0
13635	0
13645	0
13655	0
13665	0
13675	0
13685	0
13695	0
13705	0
13715	0
13725	0
13735	0
13745	0
13755	0
13765	0
13775	0
13785	0
13795	0
13805	0
13815	0
13825	0
13835	0
13845	0
13855	0
13865	0
13875	0
13885	0
13895	0
13905	0
13915	0
13925	0
13935	0
13945	0
13955	0
13965	0
13975	0
13985	0
13995	0
14005	0
14015	0
14025	0
14035	0
14045	0
14055	0
14065	0
14075	0
14085	0
14095	0
14105	0
14115	0
14125	0
14135	0
14145	0
14155	0
14165	0
14175	0
14185	0
14195	0
14205	0
14215	0
14225	0
14235	0
14245	0
14255	0
14265	0
14275	0
14285	0
14295	0
14305	0
14315	0
14325	0
14335	0
14345	0
14355	0
14365	0
14375	0
14385	0
14395	0
14405	0
14415	0
14425	0
14435	0
14445	0
14455	0
14465	0
14475	0
14485	0
14495	0
14505	0
14515	0
14525	0
14535	0
14545	0
14555	0
14565	0
14575	0
14585	0
14595	0
14605	0
14615	0
14625	0
14635	0
14645	0
14655	0
14665	0
14675	0
14685	0
14695	0
14705	0
14715	0
14725	0
14735	0
14745	0
14755	0
14765	0
14775	0
14785	0
14795	0
14805	0
14815	0
14825	0
14835	0
14845	0
14855	0
14865	0
14875	0
14885	0
14895	0
14905	0
14915	0
14925	0
14935	0
14945	0
14955	0
14965	0
14975	0
14985	0
14995	0
15005	0
15015	0
15025	0
15035	0
15045	0
15055	0
15065	0
15075	0
15085	0
15095	0
15105	0
15115	0
15125	0
15135	0
15145	0
15155	0
15165	0
15175	0
15185	0
15195	0
15205	0
15215	0
15225	0
15235	0
15245	0
15255	0
15265	0
15275	0
15285	0
15295	0
15305	0
15315	0
15325	0
15335	0
15345	0
15355	0
15365	0
15375	0
15385	0
15395	0
15405	0
15415	0
15425	0
15435	0
15445	0
15455	0
15465	0
15475	0
15485	0
15495	0
15505	0
15515	0
15525	0
15535	0
15545	0
15555	0
15565	0
15575	0
15585	0
15595	0
15605	0
15615	0
15625	0
15635	0
15645	0
15655	0
15665	0
15675	0
15685	0
15695	0
15705	0
15715	0
15725	0
15735	0
15745	0
15755	0
15765	0
15775	0
15785	0
15795	0
15805	0
15815	0
15825	0
15835	0
15845	0
15855	0
15865	0
15875	0
15885	0
15895	0
15905	0
15915	0
15925	0
15935	0
15945	0
15955	0
15965	0
15975	0
15985	0
15995	0
16005	0
16015	0
16025	0
16035	0
16045	0
16055	0
16065	0
16075	0
16085	0
16095	0
16105	0
16115	0
16125	0
16135	0
16145	0
16155	0
16165	0
16175	0
16185	0
16195	0
16205	0
16215	0
16225	0
16235	0
16245	0
16255	0
16265	0
16275	0
16285	0
16295	0
16305	0
16315	0
16325	0
16335	0
16345	0
16355	0
16365	0
16375	0
16385	0
16395	0
16405	0
16415	0
16425	0
16435	0
16445	0
16455	0
16465	0
16475	0
16485	0
16495	0
16505	0
16515	0
16525	0
16535	0
16545	0
16555	0
16565	0
16575	0
16585	0
16595	0
16605	0
16615	0
16625	0
16635	0
16645	0
16655	0
16665	0
16675	0
16685	0
16695	0
16705	0
16715	0
16725	0
16735	0
16745	0
16755	0
16765	0
16775	0
16785	0
16795	0
16805	0
16815	0
16825	0
16835	0
16845	0
16855	0
16865	0
16875	0
16885	0
16895	0
16905	0
16915	0
16925	0
16935	0
16945	0
16955	0
16965	0
16975	0
16985	0
16995	0
17005	0
17015	0
17025	0
17035	0
17045	0
17055	0
17065	0
17075	0
17085	0
17095	0
17105	0
17115	0
17125	0
17135	0
17145	0
17155	0
17165	0
17175	0
17185	0
17195	0
17205	0
17215	0
17225	0
17235	0
17245	0
17255	0
17265	0
17275	0
17285	0
17295	0
17305	0
17315	0
17325	0
17335	0
17345	0
17355	0
17365	0
17375	0
17385	0
17395	0
17405	0
17415	0
17425	0
17435	0
17445	0
17455	0
17465	0
17475	0
17485	0
17495	0
17505	0
17515	0
17525	0
17535	0
17545	0
17555	0
17565	0
17575	0
17585	0
17595	0
17605	0
17615	0
17625	0
17635	0
17645	0
17655	0
17665	0
17675	0
17685	0
17695	0
17705	0
17715	0
17725	0
17735	0
17745	0
17755	0
17765	0
17775	0
17785	0
17795	0
17805	0
17815	0
17825	0
17835	0
17845	0
17855	0
17865	0
17875	0
17885	0
17895	0
17905	0
17915	0
17925	0
17935	0
17945	0
17955	0
17965	0
17975	0
17985	0
17995	0
18005	0
18015	0
18025	0
18035	0
18045	0
18055	0
18065	0
18075	0
18085	0
18095	0
18105	0
18115	0
18125	0
18135	0
18145	0
18155	0
18165	0
18175	0
18185	0
18195	0
18205	0
18215	0
18225	0
18235	0
18245	0
18255	0
18265	0
18275	0
18285	0
18295	0
18305	0
18315	0
18325	0
18335	0
18345	0
18355	0
18365	0
18375	0
18385	0
18395	0
18405	0
18415	0
18425	0
18435	0
18445	0
18455	0
18465	0
18475	0
18485	0
18495	0
18505	0
18515	0
18525	0
18535	0
18545	0
18555	0
18565	0
18575	0
18585	0
18595	0
18605	0
18615	0
18625	0
18635	0
18645	0
18655	0
18665	0
18675	0
18685	0
18695	0
18705	0
18715	0
18725	0
18735	0
18745	0
18755	0
18765	0
18775	0
18785	0
18795	0
18805	0
18815	0
18825	0
18835	0
18845	0
18855	0
18865	0
18875	0
18885	0
18895	0
18905	0
18915	0
18925	0
18935	0
18945	0
18955	0
18965	0
18975	0
18985	0
18995	0
19005	0
19015	0
19025	0
19035	0
19045	0
19055	0
19065	0
19075	0
19085	0
19095	0
19105	0
19115	0
19125	0
19135	0
19145	0
19155	0
19165	0
19175	0
19185	0
19195	0
19205	0
19215	0
19225	0
19235	0
19245	0
19255	0
19265	0
19275	0
19285	0
19295	0
19305	0
19315	0
19325	0
19335	0
19345	0
19355	0
19365	0
19375	0
19385	0
19395	0
19405	0
19415	0
19425	0
19435	0
19445	0
19455	0
19465	0
19475	0
19485	0
19495	0
