ADC Channel - Charge distribution	Counts - Charge distribution
-495	0
-485	0
-475	0
-465	0
-455	0
-445	0
-435	0
-425	0
-415	0
-405	0
-395	0
-385	0
-375	0
-365	0
-355	0
-345	0
-335	0
-325	0
-315	0
-305	0
-295	0
-285	0
-275	0
-265	0
-255	0
-245	0
-235	0
-225	0
-215	0
-205	0
-195	0
-185	0
-175	0
-165	0
-155	0
-145	0
-135	0
-125	0
-115	0
-105	0
-95	0
-85	0
-75	0
-65	0
-55	0
-45	0
-35	0
-25	0
-15	0
-5	0
5	0
15	0
25	0
35	0
45	0
55	0
65	0
75	0
85	0
95	0
105	0
115	0
125	0
135	0
145	0
155	0
165	0
175	0
185	0
195	0
205	0
215	0
225	0
235	0
245	0
255	0
265	0
275	0
285	0
295	0
305	0
315	0
325	0
335	0
345	0
355	0
365	0
375	0
385	0
395	0
405	0
415	0
425	0
435	0
445	0
455	0
465	0
475	0
485	0
495	0
505	0
515	1
525	0
535	1
545	0
555	0
565	0
575	0
585	1
595	0
605	0
615	1
625	0
635	0
645	0
655	0
665	1
675	1
685	1
695	0
705	0
715	1
725	1
735	3
745	2
755	2
765	1
775	2
785	5
795	5
805	3
815	4
825	3
835	1
845	2
855	5
865	5
875	5
885	8
895	9
905	4
915	2
925	5
935	9
945	10
955	9
965	5
975	7
985	14
995	13
1005	7
1015	12
1025	12
1035	13
1045	16
1055	17
1065	12
1075	8
1085	10
1095	12
1105	18
1115	21
1125	14
1135	20
1145	16
1155	12
1165	14
1175	16
1185	20
1195	22
1205	14
1215	9
1225	25
1235	23
1245	19
1255	18
1265	12
1275	21
1285	25
1295	16
1305	18
1315	21
1325	25
1335	25
1345	21
1355	21
1365	21
1375	30
1385	25
1395	22
1405	17
1415	26
1425	30
1435	21
1445	26
1455	18
1465	32
1475	33
1485	17
1495	15
1505	33
1515	19
1525	17
1535	24
1545	18
1555	22
1565	27
1575	11
1585	18
1595	22
1605	12
1615	14
1625	22
1635	23
1645	14
1655	25
1665	14
1675	15
1685	12
1695	13
1705	15
1715	18
1725	10
1735	13
1745	10
1755	18
1765	13
1775	16
1785	17
1795	22
1805	12
1815	17
1825	12
1835	21
1845	11
1855	18
1865	16
1875	15
1885	10
1895	18
1905	23
1915	12
1925	7
1935	11
1945	13
1955	10
1965	14
1975	9
1985	12
1995	9
2005	9
2015	5
2025	12
2035	9
2045	16
2055	9
2065	11
2075	14
2085	11
2095	11
2105	13
2115	11
2125	14
2135	17
2145	10
2155	8
2165	12
2175	10
2185	5
2195	15
2205	8
2215	14
2225	10
2235	13
2245	11
2255	5
2265	9
2275	13
2285	10
2295	16
2305	10
2315	9
2325	6
2335	9
2345	15
2355	15
2365	7
2375	12
2385	11
2395	7
2405	8
2415	12
2425	9
2435	9
2445	7
2455	12
2465	10
2475	10
2485	9
2495	8
2505	10
2515	12
2525	9
2535	8
2545	10
2555	8
2565	6
2575	9
2585	6
2595	7
2605	9
2615	10
2625	10
2635	6
2645	10
2655	7
2665	7
2675	6
2685	9
2695	7
2705	6
2715	11
2725	10
2735	12
2745	8
2755	4
2765	10
2775	11
2785	4
2795	9
2805	9
2815	10
2825	12
2835	7
2845	13
2855	10
2865	13
2875	11
2885	11
2895	8
2905	13
2915	15
2925	8
2935	6
2945	13
2955	10
2965	6
2975	10
2985	10
2995	2
3005	10
3015	6
3025	13
3035	5
3045	4
3055	11
3065	4
3075	9
3085	9
3095	9
3105	8
3115	13
3125	6
3135	12
3145	13
3155	8
3165	10
3175	11
3185	6
3195	9
3205	14
3215	11
3225	8
3235	5
3245	11
3255	10
3265	6
3275	9
3285	8
3295	10
3305	9
3315	14
3325	8
3335	10
3345	12
3355	11
3365	7
3375	6
3385	13
3395	10
3405	12
3415	9
3425	13
3435	10
3445	8
3455	8
3465	10
3475	10
3485	11
3495	7
3505	9
3515	11
3525	10
3535	4
3545	7
3555	10
3565	5
3575	11
3585	9
3595	11
3605	7
3615	8
3625	10
3635	7
3645	8
3655	11
3665	11
3675	4
3685	8
3695	7
3705	3
3715	8
3725	7
3735	5
3745	10
3755	7
3765	8
3775	8
3785	6
3795	10
3805	6
3815	9
3825	10
3835	4
3845	7
3855	8
3865	5
3875	7
3885	6
3895	6
3905	6
3915	11
3925	5
3935	6
3945	10
3955	9
3965	7
3975	6
3985	2
3995	9
4005	4
4015	8
4025	4
4035	5
4045	9
4055	9
4065	8
4075	15
4085	7
4095	16
4105	4
4115	8
4125	14
4135	12
4145	10
4155	17
4165	3
4175	5
4185	5
4195	8
4205	7
4215	10
4225	6
4235	5
4245	5
4255	4
4265	10
4275	7
4285	9
4295	6
4305	6
4315	9
4325	6
4335	5
4345	10
4355	7
4365	8
4375	6
4385	6
4395	6
4405	6
4415	7
4425	16
4435	7
4445	6
4455	11
4465	5
4475	6
4485	6
4495	9
4505	9
4515	14
4525	11
4535	4
4545	12
4555	20
4565	15
4575	11
4585	8
4595	8
4605	3
4615	9
4625	7
4635	4
4645	9
4655	4
4665	8
4675	5
4685	4
4695	9
4705	5
4715	8
4725	12
4735	9
4745	5
4755	6
4765	8
4775	13
4785	16
4795	8
4805	6
4815	9
4825	17
4835	9
4845	14
4855	10
4865	8
4875	18
4885	13
4895	10
4905	7
4915	10
4925	4
4935	11
4945	9
4955	10
4965	5
4975	9
4985	9
4995	6
5005	11
5015	11
5025	11
5035	11
5045	10
5055	11
5065	10
5075	6
5085	9
5095	8
5105	7
5115	11
5125	9
5135	8
5145	5
5155	11
5165	7
5175	8
5185	6
5195	10
5205	8
5215	14
5225	3
5235	9
5245	8
5255	7
5265	10
5275	8
5285	9
5295	10
5305	10
5315	7
5325	16
5335	9
5345	7
5355	7
5365	9
5375	8
5385	10
5395	6
5405	6
5415	7
5425	8
5435	8
5445	8
5455	15
5465	10
5475	11
5485	6
5495	9
5505	8
5515	8
5525	7
5535	6
5545	9
5555	10
5565	11
5575	7
5585	10
5595	10
5605	7
5615	10
5625	8
5635	8
5645	10
5655	6
5665	11
5675	6
5685	7
5695	8
5705	7
5715	8
5725	6
5735	8
5745	8
5755	7
5765	13
5775	5
5785	5
5795	9
5805	5
5815	8
5825	5
5835	2
5845	8
5855	7
5865	7
5875	8
5885	4
5895	9
5905	8
5915	7
5925	5
5935	7
5945	7
5955	6
5965	5
5975	5
5985	6
5995	8
6005	5
6015	5
6025	2
6035	5
6045	10
6055	8
6065	4
6075	5
6085	3
6095	6
6105	6
6115	4
6125	9
6135	11
6145	8
6155	7
6165	4
6175	6
6185	9
6195	8
6205	5
6215	5
6225	7
6235	5
6245	3
6255	7
6265	10
6275	8
6285	6
6295	12
6305	7
6315	6
6325	4
6335	10
6345	3
6355	7
6365	8
6375	9
6385	6
6395	7
6405	5
6415	7
6425	9
6435	6
6445	6
6455	9
6465	10
6475	7
6485	7
6495	7
6505	15
6515	15
6525	6
6535	8
6545	7
6555	11
6565	12
6575	11
6585	9
6595	9
6605	12
6615	8
6625	11
6635	9
6645	7
6655	14
6665	8
6675	14
6685	8
6695	15
6705	15
6715	16
6725	9
6735	20
6745	16
6755	11
6765	11
6775	13
6785	21
6795	15
6805	16
6815	25
6825	20
6835	15
6845	19
6855	26
6865	13
6875	18
6885	23
6895	11
6905	20
6915	10
6925	12
6935	20
6945	10
6955	19
6965	17
6975	19
6985	16
6995	18
7005	14
7015	13
7025	12
7035	15
7045	9
7055	15
7065	10
7075	17
7085	13
7095	19
7105	18
7115	23
7125	9
7135	7
7145	9
7155	14
7165	8
7175	8
7185	13
7195	11
7205	10
7215	8
7225	6
7235	7
7245	6
7255	10
7265	12
7275	2
7285	4
7295	8
7305	9
7315	12
7325	2
7335	8
7345	7
7355	10
7365	11
7375	10
7385	5
7395	5
7405	6
7415	6
7425	5
7435	7
7445	9
7455	7
7465	4
7475	11
7485	4
7495	5
7505	7
7515	6
7525	8
7535	3
7545	11
7555	9
7565	11
7575	13
7585	10
7595	6
7605	12
7615	10
7625	8
7635	8
7645	10
7655	3
7665	5
7675	10
7685	11
7695	8
7705	9
7715	8
7725	14
7735	14
7745	14
7755	16
7765	15
7775	12
7785	15
7795	9
7805	12
7815	11
7825	7
7835	15
7845	21
7855	7
7865	11
7875	9
7885	15
7895	10
7905	5
7915	11
7925	11
7935	7
7945	12
7955	13
7965	7
7975	6
7985	4
7995	6
8005	10
8015	10
8025	9
8035	8
8045	6
8055	3
8065	5
8075	5
8085	5
8095	6
8105	4
8115	9
8125	11
8135	4
8145	3
8155	7
8165	2
8175	4
8185	3
8195	4
8205	1
8215	2
8225	2
8235	5
8245	3
8255	2
8265	1
8275	1
8285	0
8295	2
8305	1
8315	0
8325	0
8335	0
8345	0
8355	0
8365	0
8375	0
8385	1
8395	1
8405	0
8415	1
8425	2
8435	0
8445	0
8455	0
8465	0
8475	0
8485	0
8495	1
8505	0
8515	0
8525	1
8535	0
8545	0
8555	0
8565	1
8575	0
8585	0
8595	0
8605	1
8615	0
8625	0
8635	0
8645	0
8655	0
8665	0
8675	0
8685	1
8695	1
8705	0
8715	0
8725	0
8735	0
8745	0
8755	0
8765	0
8775	0
8785	0
8795	0
8805	0
8815	0
8825	0
8835	0
8845	0
8855	0
8865	0
8875	0
8885	0
8895	0
8905	0
8915	0
8925	0
8935	0
8945	0
8955	0
8965	0
8975	0
8985	0
8995	0
9005	0
9015	0
9025	0
9035	0
9045	0
9055	0
9065	0
9075	0
9085	0
9095	0
9105	0
9115	0
9125	0
9135	0
9145	1
9155	0
9165	1
9175	0
9185	0
9195	0
9205	0
9215	0
9225	0
9235	0
9245	0
9255	1
9265	0
9275	0
9285	0
9295	0
9305	0
9315	0
9325	0
9335	0
9345	0
9355	0
9365	0
9375	0
9385	0
9395	0
9405	1
9415	0
9425	0
9435	0
9445	0
9455	0
9465	0
9475	0
9485	0
9495	0
9505	0
9515	0
9525	0
9535	0
9545	0
9555	0
9565	0
9575	0
9585	0
9595	0
9605	0
9615	0
9625	0
9635	0
9645	0
9655	0
9665	0
9675	0
9685	0
9695	0
9705	0
9715	0
9725	0
9735	0
9745	0
9755	1
9765	0
9775	0
9785	0
9795	0
9805	0
9815	0
9825	0
9835	0
9845	0
9855	0
9865	0
9875	0
9885	0
9895	0
9905	0
9915	0
9925	0
9935	0
9945	0
9955	0
9965	0
9975	1
9985	0
9995	0
10005	0
10015	0
10025	0
10035	0
10045	0
10055	0
10065	0
10075	0
10085	0
10095	0
10105	0
10115	0
10125	0
10135	0
10145	0
10155	0
10165	0
10175	0
10185	0
10195	0
10205	0
10215	0
10225	0
10235	0
10245	0
10255	0
10265	0
10275	0
10285	0
10295	0
10305	0
10315	0
10325	0
10335	0
10345	0
10355	0
10365	0
10375	0
10385	0
10395	0
10405	0
10415	0
10425	0
10435	0
10445	0
10455	0
10465	0
10475	0
10485	0
10495	0
10505	0
10515	0
10525	0
10535	0
10545	0
10555	0
10565	0
10575	0
10585	0
10595	0
10605	0
10615	0
10625	0
10635	0
10645	0
10655	0
10665	0
10675	0
10685	0
10695	0
10705	0
10715	0
10725	0
10735	0
10745	0
10755	0
10765	0
10775	0
10785	0
10795	0
10805	0
10815	0
10825	0
10835	0
10845	0
10855	0
10865	0
10875	0
10885	0
10895	0
10905	0
10915	1
10925	0
10935	0
10945	0
10955	0
10965	0
10975	1
10985	0
10995	0
11005	0
11015	0
11025	0
11035	0
11045	0
11055	0
11065	0
11075	0
11085	0
11095	0
11105	0
11115	0
11125	0
11135	0
11145	0
11155	0
11165	0
11175	0
11185	0
11195	0
11205	0
11215	0
11225	0
11235	0
11245	0
11255	0
11265	0
11275	0
11285	0
11295	0
11305	0
11315	0
11325	0
11335	0
11345	0
11355	0
11365	0
11375	0
11385	0
11395	0
11405	0
11415	0
11425	0
11435	0
11445	0
11455	0
11465	0
11475	0
11485	0
11495	0
11505	0
11515	0
11525	0
11535	0
11545	1
11555	0
11565	0
11575	0
11585	0
11595	0
11605	0
11615	0
11625	0
11635	0
11645	0
11655	0
11665	0
11675	0
11685	0
11695	0
11705	0
11715	0
11725	0
11735	0
11745	0
11755	0
11765	0
11775	1
11785	0
11795	0
11805	0
11815	0
11825	0
11835	0
11845	0
11855	0
11865	0
11875	0
11885	0
11895	0
11905	0
11915	0
11925	0
11935	0
11945	0
11955	0
11965	0
11975	1
11985	0
11995	0
12005	0
12015	0
12025	1
12035	0
12045	0
12055	0
12065	0
12075	0
12085	0
12095	0
12105	0
12115	0
12125	0
12135	0
12145	0
12155	0
12165	0
12175	0
12185	0
12195	0
12205	0
12215	0
12225	0
12235	0
12245	0
12255	0
12265	0
12275	0
12285	0
12295	0
12305	0
12315	0
12325	0
12335	0
12345	0
12355	0
12365	0
12375	0
12385	0
12395	0
12405	0
12415	0
12425	0
12435	0
12445	0
12455	0
12465	0
12475	0
12485	0
12495	0
12505	0
12515	0
12525	0
12535	0
12545	0
12555	0
12565	0
12575	0
12585	0
12595	0
12605	0
12615	0
12625	0
12635	0
12645	0
12655	0
12665	0
12675	0
12685	0
12695	0
12705	1
12715	0
12725	0
12735	0
12745	0
12755	0
12765	0
12775	0
12785	0
12795	0
12805	0
12815	0
12825	0
12835	0
12845	0
12855	0
12865	0
12875	0
12885	1
12895	0
12905	0
12915	0
12925	0
12935	0
12945	0
12955	0
12965	0
12975	0
12985	0
12995	0
13005	0
13015	0
13025	0
13035	0
13045	0
13055	0
13065	0
13075	0
13085	0
13095	0
13105	0
13115	0
13125	0
13135	0
13145	0
13155	0
13165	0
13175	0
13185	0
13195	0
13205	0
13215	0
13225	0
13235	0
13245	0
13255	0
13265	0
13275	0
13285	0
13295	0
13305	0
13315	0
13325	0
13335	0
13345	0
13355	0
13365	0
13375	0
13385	0
13395	0
13405	0
13415	0
13425	0
13435	0
13445	0
13455	0
13465	0
13475	0
13485	0
13495	0
13505	0
13515	0
13525	0
13535	0
13545	0
13555	0
13565	0
13575	0
13585	0
13595	0
13605	0
13615	0
13625	0
13635	0
13645	0
13655	0
13665	0
13675	0
13685	0
13695	0
13705	0
13715	0
13725	0
13735	0
13745	0
13755	0
13765	0
13775	0
13785	0
13795	0
13805	0
13815	0
13825	0
13835	0
13845	0
13855	0
13865	0
13875	0
13885	0
13895	0
13905	0
13915	0
13925	0
13935	0
13945	0
13955	0
13965	0
13975	0
13985	0
13995	0
14005	0
14015	0
14025	0
14035	0
14045	0
14055	0
14065	0
14075	0
14085	0
14095	0
14105	0
14115	0
14125	0
14135	0
14145	0
14155	0
14165	0
14175	0
14185	0
14195	0
14205	0
14215	0
14225	0
14235	0
14245	0
14255	0
14265	0
14275	0
14285	0
14295	0
14305	0
14315	0
14325	0
14335	0
14345	0
14355	0
14365	0
14375	0
14385	0
14395	0
14405	0
14415	0
14425	0
14435	0
14445	0
14455	0
14465	0
14475	0
14485	0
14495	0
14505	0
14515	0
14525	0
14535	0
14545	0
14555	0
14565	0
14575	0
14585	0
14595	0
14605	0
14615	0
14625	0
14635	0
14645	0
14655	0
14665	0
14675	0
14685	0
14695	0
14705	0
14715	0
14725	0
14735	0
14745	0
14755	0
14765	0
14775	0
14785	0
14795	0
14805	0
14815	0
14825	0
14835	0
14845	0
14855	0
14865	0
14875	0
14885	0
14895	0
14905	0
14915	0
14925	0
14935	0
14945	0
14955	0
14965	0
14975	0
14985	0
14995	0
15005	0
15015	0
15025	0
15035	0
15045	0
15055	0
15065	0
15075	0
15085	0
15095	0
15105	0
15115	0
15125	0
15135	0
15145	0
15155	0
15165	0
15175	0
15185	0
15195	0
15205	0
15215	0
15225	0
15235	0
15245	0
15255	0
15265	0
15275	0
15285	0
15295	0
15305	0
15315	0
15325	0
15335	0
15345	0
15355	0
15365	0
15375	0
15385	0
15395	0
15405	0
15415	0
15425	0
15435	0
15445	0
15455	0
15465	0
15475	0
15485	0
15495	0
15505	0
15515	0
15525	0
15535	0
15545	0
15555	0
15565	0
15575	0
15585	0
15595	0
15605	0
15615	0
15625	0
15635	0
15645	0
15655	0
15665	0
15675	0
15685	0
15695	0
15705	0
15715	0
15725	0
15735	0
15745	0
15755	0
15765	0
15775	0
15785	0
15795	0
15805	0
15815	0
15825	0
15835	0
15845	0
15855	0
15865	0
15875	0
15885	0
15895	0
15905	0
15915	0
15925	0
15935	0
15945	0
15955	0
15965	0
15975	0
15985	0
15995	0
16005	0
16015	0
16025	0
16035	0
16045	0
16055	0
16065	0
16075	0
16085	0
16095	0
16105	0
16115	0
16125	0
16135	0
16145	0
16155	0
16165	0
16175	0
16185	0
16195	0
16205	0
16215	0
16225	0
16235	0
16245	0
16255	0
16265	0
16275	0
16285	0
16295	0
16305	0
16315	0
16325	0
16335	0
16345	0
16355	0
16365	0
16375	0
16385	0
16395	0
16405	0
16415	0
16425	0
16435	0
16445	0
16455	0
16465	0
16475	0
16485	0
16495	0
16505	0
16515	0
16525	0
16535	0
16545	0
16555	0
16565	0
16575	0
16585	0
16595	0
16605	0
16615	0
16625	0
16635	0
16645	0
16655	0
16665	0
16675	0
16685	0
16695	0
16705	0
16715	0
16725	0
16735	0
16745	0
16755	0
16765	0
16775	0
16785	0
16795	0
16805	0
16815	0
16825	0
16835	0
16845	0
16855	0
16865	0
16875	0
16885	0
16895	0
16905	0
16915	0
16925	0
16935	0
16945	0
16955	0
16965	0
16975	0
16985	0
16995	0
17005	0
17015	0
17025	0
17035	0
17045	0
17055	0
17065	0
17075	0
17085	0
17095	0
17105	0
17115	0
17125	0
17135	0
17145	0
17155	0
17165	0
17175	0
17185	0
17195	0
17205	0
17215	0
17225	0
17235	0
17245	0
17255	0
17265	0
17275	0
17285	0
17295	0
17305	0
17315	0
17325	0
17335	0
17345	0
17355	0
17365	0
17375	0
17385	0
17395	0
17405	0
17415	0
17425	0
17435	0
17445	0
17455	0
17465	0
17475	0
17485	0
17495	0
17505	0
17515	0
17525	0
17535	0
17545	0
17555	0
17565	0
17575	0
17585	0
17595	0
17605	0
17615	0
17625	0
17635	0
17645	0
17655	0
17665	0
17675	0
17685	0
17695	0
17705	0
17715	0
17725	0
17735	0
17745	0
17755	0
17765	0
17775	0
17785	0
17795	0
17805	0
17815	0
17825	0
17835	0
17845	0
17855	0
17865	0
17875	0
17885	0
17895	0
17905	0
17915	0
17925	0
17935	0
17945	0
17955	0
17965	0
17975	0
17985	0
17995	0
18005	0
18015	0
18025	0
18035	0
18045	0
18055	0
18065	0
18075	0
18085	0
18095	0
18105	0
18115	0
18125	0
18135	0
18145	0
18155	0
18165	0
18175	0
18185	0
18195	0
18205	0
18215	0
18225	0
18235	0
18245	0
18255	0
18265	0
18275	0
18285	0
18295	0
18305	0
18315	0
18325	0
18335	0
18345	0
18355	0
18365	0
18375	0
18385	0
18395	0
18405	0
18415	0
18425	0
18435	0
18445	0
18455	0
18465	0
18475	0
18485	0
18495	0
18505	0
18515	0
18525	0
18535	0
18545	0
18555	0
18565	0
18575	0
18585	0
18595	0
18605	0
18615	0
18625	0
18635	0
18645	0
18655	0
18665	0
18675	0
18685	0
18695	0
18705	0
18715	0
18725	0
18735	0
18745	0
18755	0
18765	0
18775	0
18785	0
18795	0
18805	0
18815	0
18825	0
18835	0
18845	0
18855	0
18865	0
18875	0
18885	0
18895	0
18905	0
18915	0
18925	0
18935	0
18945	0
18955	0
18965	0
18975	0
18985	0
18995	0
19005	0
19015	0
19025	0
19035	0
19045	0
19055	0
19065	0
19075	0
19085	0
19095	0
19105	0
19115	0
19125	0
19135	0
19145	0
19155	0
19165	0
19175	0
19185	0
19195	0
19205	0
19215	0
19225	0
19235	0
19245	0
19255	0
19265	0
19275	0
19285	0
19295	0
19305	0
19315	0
19325	0
19335	0
19345	0
19355	0
19365	0
19375	0
19385	0
19395	0
19405	0
19415	0
19425	0
19435	0
19445	0
19455	0
19465	0
19475	0
19485	0
19495	0
