ADC Channel - Charge distribution	Counts - Charge distribution
-495	0
-485	0
-475	0
-465	0
-455	0
-445	0
-435	0
-425	0
-415	0
-405	0
-395	0
-385	1
-375	0
-365	0
-355	0
-345	0
-335	0
-325	0
-315	0
-305	0
-295	0
-285	0
-275	1
-265	0
-255	0
-245	0
-235	0
-225	0
-215	0
-205	0
-195	0
-185	0
-175	0
-165	0
-155	0
-145	0
-135	0
-125	0
-115	0
-105	0
-95	0
-85	0
-75	0
-65	0
-55	0
-45	0
-35	0
-25	0
-15	0
-5	0
5	0
15	0
25	1
35	0
45	1
55	0
65	1
75	0
85	2
95	2
105	2
115	1
125	1
135	3
145	7
155	5
165	8
175	9
185	10
195	6
205	10
215	12
225	13
235	12
245	11
255	11
265	18
275	16
285	15
295	18
305	17
315	12
325	8
335	16
345	12
355	13
365	17
375	23
385	13
395	15
405	18
415	20
425	18
435	23
445	14
455	15
465	9
475	16
485	12
495	10
505	14
515	11
525	14
535	17
545	14
555	14
565	17
575	14
585	12
595	14
605	21
615	17
625	12
635	21
645	14
655	18
665	14
675	17
685	12
695	13
705	16
715	16
725	22
735	19
745	17
755	24
765	19
775	11
785	14
795	21
805	17
815	16
825	29
835	17
845	19
855	20
865	13
875	18
885	15
895	14
905	12
915	24
925	11
935	10
945	15
955	16
965	23
975	18
985	24
995	21
1005	28
1015	19
1025	11
1035	17
1045	11
1055	18
1065	19
1075	16
1085	25
1095	16
1105	21
1115	23
1125	13
1135	21
1145	15
1155	24
1165	17
1175	15
1185	16
1195	21
1205	15
1215	25
1225	23
1235	26
1245	29
1255	18
1265	32
1275	27
1285	27
1295	25
1305	25
1315	16
1325	26
1335	22
1345	26
1355	29
1365	29
1375	19
1385	23
1395	28
1405	30
1415	29
1425	25
1435	19
1445	28
1455	30
1465	32
1475	21
1485	13
1495	22
1505	17
1515	23
1525	21
1535	20
1545	13
1555	14
1565	16
1575	17
1585	16
1595	19
1605	21
1615	19
1625	15
1635	16
1645	13
1655	18
1665	19
1675	25
1685	18
1695	19
1705	13
1715	19
1725	12
1735	16
1745	12
1755	14
1765	10
1775	21
1785	14
1795	14
1805	16
1815	20
1825	11
1835	21
1845	13
1855	13
1865	11
1875	17
1885	11
1895	10
1905	8
1915	6
1925	14
1935	13
1945	15
1955	11
1965	16
1975	14
1985	19
1995	9
2005	9
2015	11
2025	15
2035	16
2045	11
2055	10
2065	15
2075	8
2085	3
2095	19
2105	19
2115	12
2125	14
2135	17
2145	8
2155	18
2165	13
2175	4
2185	14
2195	6
2205	10
2215	8
2225	8
2235	8
2245	7
2255	10
2265	12
2275	11
2285	8
2295	14
2305	8
2315	5
2325	14
2335	8
2345	4
2355	11
2365	10
2375	7
2385	11
2395	14
2405	9
2415	13
2425	9
2435	8
2445	13
2455	11
2465	12
2475	12
2485	13
2495	7
2505	13
2515	15
2525	13
2535	15
2545	9
2555	8
2565	9
2575	13
2585	9
2595	8
2605	5
2615	8
2625	10
2635	7
2645	12
2655	11
2665	9
2675	10
2685	8
2695	8
2705	8
2715	7
2725	11
2735	14
2745	11
2755	11
2765	11
2775	8
2785	5
2795	9
2805	3
2815	11
2825	6
2835	7
2845	10
2855	13
2865	9
2875	4
2885	11
2895	8
2905	8
2915	16
2925	12
2935	18
2945	13
2955	10
2965	7
2975	11
2985	6
2995	4
3005	9
3015	8
3025	11
3035	9
3045	6
3055	7
3065	8
3075	3
3085	12
3095	6
3105	9
3115	13
3125	9
3135	6
3145	9
3155	7
3165	10
3175	8
3185	7
3195	12
3205	3
3215	7
3225	12
3235	7
3245	7
3255	11
3265	7
3275	9
3285	7
3295	5
3305	10
3315	8
3325	11
3335	10
3345	8
3355	8
3365	10
3375	7
3385	7
3395	11
3405	9
3415	2
3425	8
3435	8
3445	4
3455	4
3465	7
3475	6
3485	5
3495	5
3505	9
3515	12
3525	11
3535	9
3545	4
3555	8
3565	9
3575	7
3585	6
3595	5
3605	9
3615	12
3625	10
3635	12
3645	4
3655	12
3665	5
3675	9
3685	10
3695	6
3705	7
3715	8
3725	8
3735	4
3745	9
3755	8
3765	13
3775	4
3785	11
3795	9
3805	5
3815	7
3825	7
3835	7
3845	8
3855	6
3865	9
3875	3
3885	7
3895	13
3905	9
3915	13
3925	9
3935	9
3945	6
3955	6
3965	12
3975	13
3985	4
3995	12
4005	10
4015	7
4025	17
4035	7
4045	8
4055	9
4065	9
4075	9
4085	4
4095	10
4105	3
4115	7
4125	7
4135	9
4145	7
4155	13
4165	6
4175	7
4185	7
4195	4
4205	5
4215	10
4225	6
4235	12
4245	9
4255	13
4265	7
4275	8
4285	7
4295	9
4305	9
4315	5
4325	1
4335	5
4345	5
4355	11
4365	12
4375	9
4385	4
4395	16
4405	5
4415	7
4425	13
4435	9
4445	12
4455	11
4465	11
4475	11
4485	18
4495	8
4505	9
4515	8
4525	9
4535	10
4545	9
4555	10
4565	14
4575	12
4585	12
4595	10
4605	10
4615	6
4625	5
4635	9
4645	7
4655	11
4665	8
4675	9
4685	11
4695	8
4705	6
4715	7
4725	6
4735	8
4745	8
4755	11
4765	5
4775	8
4785	10
4795	7
4805	9
4815	6
4825	10
4835	11
4845	9
4855	10
4865	14
4875	7
4885	14
4895	6
4905	15
4915	13
4925	7
4935	13
4945	11
4955	11
4965	8
4975	2
4985	15
4995	11
5005	13
5015	9
5025	10
5035	4
5045	12
5055	9
5065	4
5075	7
5085	9
5095	6
5105	7
5115	12
5125	6
5135	10
5145	12
5155	8
5165	11
5175	6
5185	9
5195	9
5205	10
5215	12
5225	13
5235	6
5245	13
5255	12
5265	8
5275	9
5285	9
5295	11
5305	9
5315	15
5325	11
5335	8
5345	7
5355	10
5365	11
5375	5
5385	14
5395	5
5405	15
5415	11
5425	18
5435	3
5445	4
5455	13
5465	5
5475	5
5485	9
5495	6
5505	6
5515	8
5525	8
5535	8
5545	7
5555	9
5565	10
5575	13
5585	11
5595	9
5605	10
5615	11
5625	7
5635	2
5645	10
5655	6
5665	13
5675	14
5685	9
5695	5
5705	8
5715	11
5725	7
5735	9
5745	3
5755	4
5765	11
5775	4
5785	11
5795	7
5805	3
5815	7
5825	7
5835	2
5845	4
5855	4
5865	9
5875	9
5885	6
5895	10
5905	10
5915	6
5925	8
5935	3
5945	2
5955	3
5965	9
5975	5
5985	9
5995	4
6005	9
6015	7
6025	5
6035	7
6045	3
6055	8
6065	4
6075	5
6085	4
6095	4
6105	2
6115	6
6125	8
6135	8
6145	7
6155	4
6165	4
6175	8
6185	6
6195	8
6205	7
6215	7
6225	6
6235	8
6245	13
6255	4
6265	8
6275	12
6285	5
6295	12
6305	7
6315	1
6325	8
6335	4
6345	9
6355	6
6365	9
6375	11
6385	8
6395	11
6405	4
6415	9
6425	12
6435	9
6445	9
6455	16
6465	7
6475	6
6485	11
6495	10
6505	14
6515	10
6525	10
6535	11
6545	14
6555	12
6565	10
6575	7
6585	13
6595	16
6605	14
6615	11
6625	16
6635	8
6645	15
6655	15
6665	13
6675	18
6685	15
6695	14
6705	25
6715	27
6725	11
6735	22
6745	18
6755	11
6765	18
6775	17
6785	12
6795	16
6805	26
6815	13
6825	12
6835	12
6845	19
6855	15
6865	20
6875	13
6885	12
6895	15
6905	18
6915	13
6925	8
6935	15
6945	11
6955	15
6965	18
6975	8
6985	8
6995	7
7005	10
7015	9
7025	13
7035	9
7045	5
7055	11
7065	12
7075	10
7085	7
7095	15
7105	6
7115	7
7125	8
7135	9
7145	12
7155	8
7165	8
7175	8
7185	9
7195	2
7205	9
7215	9
7225	5
7235	10
7245	7
7255	12
7265	3
7275	8
7285	5
7295	5
7305	3
7315	8
7325	7
7335	6
7345	6
7355	7
7365	12
7375	10
7385	9
7395	7
7405	3
7415	8
7425	10
7435	8
7445	2
7455	11
7465	8
7475	13
7485	11
7495	17
7505	9
7515	12
7525	10
7535	10
7545	11
7555	12
7565	7
7575	7
7585	12
7595	14
7605	8
7615	6
7625	15
7635	11
7645	11
7655	13
7665	17
7675	14
7685	12
7695	6
7705	18
7715	11
7725	9
7735	12
7745	11
7755	9
7765	12
7775	12
7785	15
7795	12
7805	14
7815	4
7825	9
7835	8
7845	8
7855	9
7865	4
7875	10
7885	4
7895	8
7905	3
7915	10
7925	5
7935	6
7945	5
7955	4
7965	5
7975	3
7985	2
7995	4
8005	4
8015	3
8025	3
8035	1
8045	0
8055	4
8065	3
8075	0
8085	3
8095	0
8105	1
8115	3
8125	1
8135	1
8145	2
8155	1
8165	0
8175	1
8185	0
8195	1
8205	1
8215	2
8225	0
8235	0
8245	2
8255	1
8265	0
8275	0
8285	0
8295	0
8305	0
8315	0
8325	1
8335	0
8345	0
8355	0
8365	0
8375	1
8385	0
8395	0
8405	0
8415	0
8425	0
8435	1
8445	0
8455	0
8465	0
8475	0
8485	0
8495	0
8505	0
8515	0
8525	0
8535	0
8545	0
8555	0
8565	0
8575	0
8585	0
8595	0
8605	0
8615	0
8625	0
8635	0
8645	0
8655	0
8665	0
8675	0
8685	0
8695	0
8705	0
8715	0
8725	0
8735	0
8745	0
8755	0
8765	0
8775	1
8785	0
8795	0
8805	0
8815	0
8825	0
8835	0
8845	0
8855	0
8865	1
8875	0
8885	0
8895	0
8905	0
8915	0
8925	0
8935	0
8945	0
8955	0
8965	0
8975	0
8985	0
8995	0
9005	0
9015	0
9025	0
9035	0
9045	0
9055	0
9065	0
9075	0
9085	0
9095	0
9105	0
9115	0
9125	0
9135	0
9145	0
9155	0
9165	0
9175	0
9185	0
9195	0
9205	0
9215	0
9225	0
9235	0
9245	0
9255	0
9265	0
9275	0
9285	0
9295	0
9305	0
9315	0
9325	0
9335	0
9345	0
9355	0
9365	0
9375	0
9385	0
9395	0
9405	0
9415	0
9425	0
9435	0
9445	0
9455	0
9465	0
9475	0
9485	0
9495	0
9505	0
9515	0
9525	0
9535	1
9545	0
9555	0
9565	0
9575	0
9585	0
9595	0
9605	0
9615	0
9625	0
9635	0
9645	0
9655	0
9665	0
9675	0
9685	0
9695	0
9705	0
9715	1
9725	0
9735	0
9745	1
9755	0
9765	0
9775	0
9785	0
9795	0
9805	0
9815	0
9825	0
9835	0
9845	0
9855	0
9865	0
9875	0
9885	0
9895	0
9905	0
9915	0
9925	0
9935	0
9945	0
9955	0
9965	0
9975	0
9985	0
9995	0
10005	0
10015	0
10025	0
10035	0
10045	0
10055	0
10065	0
10075	0
10085	0
10095	0
10105	0
10115	0
10125	0
10135	0
10145	0
10155	0
10165	0
10175	0
10185	0
10195	0
10205	0
10215	0
10225	0
10235	0
10245	0
10255	0
10265	0
10275	0
10285	0
10295	0
10305	0
10315	0
10325	0
10335	0
10345	0
10355	0
10365	0
10375	0
10385	1
10395	0
10405	0
10415	0
10425	0
10435	0
10445	1
10455	0
10465	0
10475	0
10485	0
10495	0
10505	0
10515	0
10525	0
10535	0
10545	0
10555	0
10565	0
10575	0
10585	0
10595	0
10605	0
10615	0
10625	0
10635	0
10645	0
10655	0
10665	0
10675	0
10685	0
10695	0
10705	0
10715	0
10725	0
10735	0
10745	0
10755	0
10765	0
10775	0
10785	0
10795	0
10805	0
10815	0
10825	0
10835	0
10845	0
10855	0
10865	0
10875	0
10885	0
10895	0
10905	0
10915	0
10925	0
10935	0
10945	0
10955	0
10965	0
10975	0
10985	0
10995	0
11005	0
11015	0
11025	0
11035	0
11045	0
11055	0
11065	0
11075	0
11085	0
11095	0
11105	0
11115	0
11125	0
11135	0
11145	0
11155	0
11165	1
11175	0
11185	0
11195	0
11205	0
11215	0
11225	1
11235	0
11245	0
11255	0
11265	0
11275	0
11285	0
11295	0
11305	0
11315	0
11325	0
11335	0
11345	0
11355	0
11365	0
11375	0
11385	0
11395	0
11405	0
11415	0
11425	0
11435	0
11445	0
11455	0
11465	0
11475	0
11485	0
11495	0
11505	0
11515	0
11525	0
11535	0
11545	0
11555	0
11565	0
11575	0
11585	0
11595	0
11605	0
11615	0
11625	0
11635	0
11645	0
11655	0
11665	0
11675	0
11685	0
11695	0
11705	0
11715	0
11725	0
11735	0
11745	0
11755	0
11765	0
11775	0
11785	0
11795	0
11805	0
11815	0
11825	0
11835	0
11845	0
11855	0
11865	0
11875	0
11885	0
11895	0
11905	0
11915	0
11925	0
11935	0
11945	0
11955	0
11965	0
11975	0
11985	0
11995	0
12005	0
12015	0
12025	0
12035	0
12045	0
12055	0
12065	0
12075	0
12085	0
12095	0
12105	0
12115	0
12125	0
12135	0
12145	0
12155	0
12165	0
12175	0
12185	0
12195	0
12205	0
12215	0
12225	0
12235	0
12245	0
12255	0
12265	0
12275	0
12285	0
12295	0
12305	0
12315	0
12325	0
12335	0
12345	0
12355	0
12365	0
12375	0
12385	0
12395	0
12405	0
12415	0
12425	0
12435	0
12445	0
12455	0
12465	0
12475	0
12485	0
12495	0
12505	0
12515	0
12525	0
12535	0
12545	0
12555	0
12565	0
12575	0
12585	0
12595	0
12605	0
12615	0
12625	0
12635	0
12645	0
12655	0
12665	0
12675	0
12685	0
12695	0
12705	0
12715	0
12725	0
12735	0
12745	0
12755	0
12765	0
12775	0
12785	0
12795	0
12805	0
12815	0
12825	0
12835	0
12845	0
12855	0
12865	0
12875	0
12885	0
12895	0
12905	0
12915	0
12925	0
12935	0
12945	0
12955	0
12965	0
12975	0
12985	0
12995	0
13005	0
13015	0
13025	0
13035	1
13045	0
13055	0
13065	0
13075	0
13085	0
13095	0
13105	0
13115	0
13125	0
13135	0
13145	0
13155	0
13165	0
13175	0
13185	0
13195	0
13205	1
13215	0
13225	0
13235	0
13245	0
13255	0
13265	0
13275	0
13285	0
13295	0
13305	0
13315	0
13325	0
13335	0
13345	0
13355	0
13365	0
13375	0
13385	0
13395	0
13405	0
13415	0
13425	0
13435	0
13445	0
13455	0
13465	0
13475	0
13485	0
13495	0
13505	0
13515	0
13525	0
13535	0
13545	1
13555	0
13565	0
13575	0
13585	0
13595	0
13605	0
13615	0
13625	0
13635	0
13645	0
13655	0
13665	0
13675	0
13685	0
13695	0
13705	0
13715	0
13725	0
13735	0
13745	0
13755	0
13765	0
13775	0
13785	0
13795	0
13805	0
13815	0
13825	0
13835	0
13845	0
13855	0
13865	0
13875	0
13885	0
13895	0
13905	0
13915	0
13925	0
13935	0
13945	0
13955	0
13965	0
13975	0
13985	0
13995	0
14005	0
14015	0
14025	0
14035	0
14045	0
14055	0
14065	0
14075	0
14085	0
14095	0
14105	0
14115	0
14125	0
14135	0
14145	0
14155	0
14165	0
14175	0
14185	0
14195	0
14205	0
14215	0
14225	0
14235	0
14245	0
14255	0
14265	0
14275	0
14285	0
14295	0
14305	0
14315	0
14325	0
14335	0
14345	0
14355	0
14365	0
14375	0
14385	0
14395	0
14405	0
14415	0
14425	0
14435	0
14445	0
14455	0
14465	0
14475	0
14485	0
14495	0
14505	0
14515	0
14525	0
14535	0
14545	0
14555	0
14565	0
14575	0
14585	0
14595	0
14605	0
14615	0
14625	0
14635	0
14645	0
14655	0
14665	0
14675	0
14685	0
14695	0
14705	0
14715	0
14725	0
14735	0
14745	0
14755	0
14765	0
14775	0
14785	0
14795	0
14805	0
14815	0
14825	0
14835	0
14845	0
14855	0
14865	0
14875	0
14885	0
14895	0
14905	0
14915	0
14925	0
14935	0
14945	0
14955	0
14965	0
14975	0
14985	0
14995	0
15005	0
15015	0
15025	0
15035	0
15045	0
15055	0
15065	0
15075	0
15085	0
15095	0
15105	0
15115	0
15125	0
15135	0
15145	0
15155	0
15165	0
15175	0
15185	0
15195	0
15205	0
15215	0
15225	0
15235	0
15245	0
15255	0
15265	0
15275	0
15285	0
15295	0
15305	0
15315	0
15325	0
15335	0
15345	0
15355	0
15365	0
15375	0
15385	0
15395	0
15405	0
15415	0
15425	0
15435	0
15445	0
15455	0
15465	0
15475	0
15485	0
15495	0
15505	0
15515	0
15525	0
15535	0
15545	0
15555	0
15565	0
15575	0
15585	0
15595	0
15605	0
15615	0
15625	0
15635	0
15645	0
15655	0
15665	0
15675	0
15685	0
15695	0
15705	0
15715	0
15725	0
15735	0
15745	0
15755	0
15765	0
15775	0
15785	0
15795	0
15805	0
15815	0
15825	0
15835	0
15845	0
15855	0
15865	0
15875	0
15885	0
15895	0
15905	0
15915	0
15925	0
15935	0
15945	0
15955	0
15965	0
15975	0
15985	0
15995	0
16005	0
16015	0
16025	0
16035	0
16045	0
16055	0
16065	0
16075	0
16085	0
16095	0
16105	0
16115	0
16125	0
16135	0
16145	0
16155	0
16165	0
16175	0
16185	0
16195	0
16205	0
16215	0
16225	0
16235	0
16245	0
16255	0
16265	0
16275	0
16285	0
16295	0
16305	0
16315	0
16325	0
16335	0
16345	0
16355	0
16365	0
16375	0
16385	0
16395	0
16405	0
16415	0
16425	0
16435	0
16445	0
16455	0
16465	0
16475	0
16485	0
16495	0
16505	0
16515	0
16525	0
16535	0
16545	0
16555	0
16565	0
16575	0
16585	0
16595	0
16605	0
16615	0
16625	0
16635	0
16645	0
16655	0
16665	0
16675	0
16685	0
16695	0
16705	0
16715	0
16725	0
16735	0
16745	0
16755	0
16765	0
16775	0
16785	0
16795	0
16805	0
16815	0
16825	0
16835	0
16845	0
16855	0
16865	0
16875	0
16885	0
16895	0
16905	0
16915	0
16925	0
16935	0
16945	0
16955	0
16965	0
16975	0
16985	0
16995	0
17005	0
17015	0
17025	0
17035	0
17045	0
17055	0
17065	0
17075	0
17085	0
17095	0
17105	0
17115	0
17125	0
17135	0
17145	0
17155	0
17165	0
17175	0
17185	0
17195	0
17205	0
17215	0
17225	0
17235	0
17245	0
17255	0
17265	0
17275	0
17285	0
17295	0
17305	0
17315	0
17325	0
17335	0
17345	0
17355	0
17365	0
17375	0
17385	0
17395	0
17405	0
17415	0
17425	0
17435	0
17445	0
17455	0
17465	0
17475	0
17485	0
17495	0
17505	0
17515	0
17525	0
17535	0
17545	0
17555	0
17565	0
17575	0
17585	0
17595	0
17605	0
17615	0
17625	0
17635	0
17645	0
17655	0
17665	0
17675	0
17685	0
17695	0
17705	0
17715	0
17725	0
17735	0
17745	0
17755	0
17765	0
17775	0
17785	0
17795	0
17805	0
17815	0
17825	0
17835	0
17845	0
17855	0
17865	0
17875	0
17885	0
17895	0
17905	0
17915	0
17925	0
17935	0
17945	0
17955	0
17965	0
17975	0
17985	0
17995	0
18005	0
18015	0
18025	0
18035	0
18045	0
18055	0
18065	0
18075	0
18085	0
18095	0
18105	0
18115	0
18125	0
18135	0
18145	0
18155	0
18165	0
18175	0
18185	0
18195	0
18205	0
18215	0
18225	0
18235	0
18245	0
18255	0
18265	0
18275	0
18285	0
18295	0
18305	0
18315	0
18325	0
18335	0
18345	0
18355	0
18365	0
18375	0
18385	0
18395	0
18405	0
18415	0
18425	0
18435	0
18445	0
18455	0
18465	0
18475	0
18485	0
18495	0
18505	0
18515	0
18525	0
18535	0
18545	0
18555	0
18565	0
18575	0
18585	0
18595	0
18605	0
18615	0
18625	0
18635	0
18645	0
18655	0
18665	0
18675	0
18685	0
18695	0
18705	0
18715	0
18725	0
18735	0
18745	0
18755	0
18765	0
18775	0
18785	0
18795	0
18805	0
18815	0
18825	0
18835	0
18845	0
18855	0
18865	0
18875	0
18885	0
18895	0
18905	0
18915	0
18925	0
18935	0
18945	0
18955	0
18965	0
18975	0
18985	0
18995	0
19005	0
19015	0
19025	0
19035	0
19045	0
19055	0
19065	0
19075	0
19085	0
19095	0
19105	0
19115	0
19125	0
19135	0
19145	0
19155	0
19165	0
19175	0
19185	0
19195	0
19205	0
19215	0
19225	0
19235	0
19245	0
19255	0
19265	0
19275	0
19285	0
19295	0
19305	0
19315	0
19325	0
19335	0
19345	0
19355	0
19365	0
19375	0
19385	0
19395	0
19405	0
19415	0
19425	0
19435	0
19445	0
19455	0
19465	0
19475	0
19485	0
19495	0
