ADC Channels - Charge distribution	Counts - Charge distribution
-495	2
-485	0
-475	2
-465	1
-455	0
-445	3
-435	1
-425	4
-415	2
-405	2
-395	2
-385	2
-375	3
-365	5
-355	2
-345	0
-335	0
-325	3
-315	0
-305	0
-295	1
-285	1
-275	1
-265	2
-255	0
-245	1
-235	1
-225	1
-215	1
-205	1
-195	0
-185	2
-175	2
-165	3
-155	1
-145	2
-135	0
-125	0
-115	2
-105	1
-95	1
-85	2
-75	2
-65	1
-55	3
-45	3
-35	1
-25	3
-15	14
-5	15
5	19
15	32
25	31
35	41
45	66
55	66
65	92
75	102
85	123
95	171
105	173
115	183
125	197
135	207
145	233
155	243
165	246
175	271
185	263
195	243
205	261
215	260
225	279
235	252
245	264
255	263
265	256
275	258
285	251
295	238
305	294
315	267
325	304
335	258
345	258
355	256
365	252
375	280
385	283
395	289
405	303
415	239
425	265
435	287
445	268
455	281
465	274
475	241
485	298
495	286
505	275
515	272
525	311
535	279
545	267
555	260
565	263
575	248
585	276
595	274
605	269
615	280
625	270
635	256
645	303
655	267
665	274
675	249
685	305
695	279
705	254
715	257
725	246
735	254
745	246
755	288
765	257
775	214
785	249
795	252
805	250
815	232
825	228
835	268
845	271
855	270
865	260
875	256
885	263
895	295
905	285
915	291
925	263
935	288
945	273
955	288
965	302
975	274
985	309
995	320
1005	321
1015	297
1025	330
1035	333
1045	296
1055	307
1065	317
1075	328
1085	290
1095	346
1105	294
1115	295
1125	305
1135	293
1145	335
1155	295
1165	269
1175	281
1185	267
1195	293
1205	251
1215	264
1225	272
1235	283
1245	241
1255	220
1265	249
1275	263
1285	267
1295	227
1305	244
1315	262
1325	212
1335	250
1345	207
1355	198
1365	233
1375	205
1385	223
1395	245
1405	215
1415	237
1425	231
1435	202
1445	229
1455	213
1465	208
1475	190
1485	211
1495	208
1505	208
1515	201
1525	190
1535	216
1545	208
1555	174
1565	216
1575	192
1585	194
1595	200
1605	221
1615	201
1625	184
1635	172
1645	191
1655	180
1665	190
1675	174
1685	187
1695	177
1705	198
1715	211
1725	197
1735	206
1745	195
1755	189
1765	212
1775	187
1785	202
1795	199
1805	180
1815	203
1825	210
1835	189
1845	209
1855	209
1865	157
1875	186
1885	226
1895	196
1905	187
1915	159
1925	184
1935	170
1945	178
1955	178
1965	182
1975	205
1985	175
1995	188
2005	173
2015	187
2025	169
2035	178
2045	186
2055	164
2065	163
2075	186
2085	181
2095	177
2105	157
2115	166
2125	183
2135	166
2145	175
2155	210
2165	168
2175	167
2185	176
2195	165
2205	165
2215	175
2225	172
2235	146
2245	154
2255	177
2265	161
2275	167
2285	182
2295	163
2305	183
2315	164
2325	171
2335	172
2345	147
2355	149
2365	148
2375	164
2385	155
2395	150
2405	160
2415	137
2425	136
2435	146
2445	162
2455	172
2465	155
2475	162
2485	152
2495	157
2505	165
2515	128
2525	143
2535	153
2545	149
2555	119
2565	161
2575	142
2585	129
2595	124
2605	138
2615	152
2625	112
2635	113
2645	128
2655	118
2665	106
2675	113
2685	117
2695	98
2705	109
2715	119
2725	104
2735	87
2745	84
2755	84
2765	96
2775	88
2785	85
2795	79
2805	72
2815	67
2825	56
2835	61
2845	74
2855	49
2865	60
2875	58
2885	66
2895	57
2905	60
2915	50
2925	48
2935	46
2945	35
2955	33
2965	45
2975	46
2985	49
2995	52
3005	42
3015	57
3025	42
3035	50
3045	59
3055	53
3065	59
3075	54
3085	43
3095	51
3105	65
3115	53
3125	82
3135	62
3145	58
3155	84
3165	93
3175	91
3185	89
3195	90
3205	114
3215	114
3225	131
3235	94
3245	115
3255	119
3265	114
3275	127
3285	144
3295	148
3305	136
3315	158
3325	127
3335	165
3345	178
3355	167
3365	165
3375	192
3385	213
3395	187
3405	223
3415	219
3425	231
3435	246
3445	253
3455	263
3465	277
3475	267
3485	324
3495	320
3505	346
3515	327
3525	368
3535	393
3545	458
3555	442
3565	433
3575	514
3585	507
3595	537
3605	527
3615	576
3625	605
3635	618
3645	643
3655	650
3665	684
3675	678
3685	704
3695	727
3705	701
3715	709
3725	760
3735	741
3745	792
3755	770
3765	775
3775	748
3785	805
3795	751
3805	700
3815	778
3825	680
3835	720
3845	706
3855	640
3865	624
3875	618
3885	574
3895	598
3905	534
3915	576
3925	485
3935	506
3945	433
3955	416
3965	414
3975	344
3985	380
3995	315
4005	309
4015	256
4025	211
4035	227
4045	222
4055	213
4065	188
4075	171
4085	170
4095	157
4105	130
4115	98
4125	117
4135	93
4145	80
4155	84
4165	67
4175	64
4185	47
4195	54
4205	37
4215	44
4225	37
4235	20
4245	26
4255	15
4265	22
4275	19
4285	12
4295	8
4305	12
4315	13
4325	6
4335	8
4345	4
4355	11
4365	6
4375	5
4385	6
4395	5
4405	4
4415	7
4425	6
4435	2
4445	1
4455	2
4465	1
4475	0
4485	1
4495	1
4505	2
4515	1
4525	3
4535	3
4545	1
4555	0
4565	0
4575	2
4585	2
4595	3
4605	1
4615	2
4625	2
4635	2
4645	2
4655	1
4665	3
4675	1
4685	0
4695	2
4705	3
4715	2
4725	1
4735	3
4745	3
4755	2
4765	1
4775	1
4785	1
4795	1
4805	1
4815	2
4825	1
4835	3
4845	3
4855	2
4865	1
4875	2
4885	0
4895	1
4905	1
4915	4
4925	3
4935	3
4945	2
4955	2
4965	2
4975	2
4985	3
4995	1
5005	2
5015	5
5025	2
5035	1
5045	0
5055	0
5065	3
5075	0
5085	0
5095	1
5105	0
5115	2
5125	2
5135	1
5145	3
5155	1
5165	3
5175	3
5185	3
5195	1
5205	0
5215	4
5225	4
5235	0
5245	2
5255	0
5265	1
5275	1
5285	2
5295	2
5305	0
5315	0
5325	0
5335	2
5345	3
5355	2
5365	1
5375	1
5385	0
5395	3
5405	1
5415	2
5425	0
5435	1
5445	1
5455	2
5465	2
5475	1
5485	0
5495	0
5505	2
5515	1
5525	0
5535	0
5545	2
5555	1
5565	1
5575	1
5585	1
5595	2
5605	2
5615	2
5625	1
5635	0
5645	2
5655	1
5665	3
5675	1
5685	0
5695	3
5705	2
5715	1
5725	1
5735	1
5745	1
5755	1
5765	0
5775	0
5785	0
5795	1
5805	1
5815	0
5825	1
5835	0
5845	0
5855	1
5865	2
5875	1
5885	1
5895	1
5905	1
5915	1
5925	2
5935	1
5945	1
5955	2
5965	2
5975	0
5985	1
5995	1
6005	1
6015	1
6025	0
6035	0
6045	1
6055	0
6065	0
6075	0
6085	0
6095	1
6105	1
6115	0
6125	0
6135	0
6145	0
6155	0
6165	0
6175	0
6185	1
6195	0
6205	0
6215	2
6225	0
6235	1
6245	0
6255	1
6265	0
6275	0
6285	0
6295	1
6305	1
6315	1
6325	2
6335	0
6345	1
6355	0
6365	1
6375	3
6385	0
6395	0
6405	0
6415	2
6425	0
6435	1
6445	2
6455	1
6465	0
6475	0
6485	0
6495	0
6505	0
6515	2
6525	1
6535	0
6545	1
6555	1
6565	1
6575	0
6585	0
6595	1
6605	2
6615	1
6625	1
6635	0
6645	0
6655	1
6665	1
6675	0
6685	0
6695	2
6705	1
6715	1
6725	1
6735	0
6745	1
6755	0
6765	2
6775	0
6785	1
6795	2
6805	0
6815	0
6825	1
6835	0
6845	0
6855	0
6865	1
6875	1
6885	0
6895	3
6905	0
6915	2
6925	1
6935	1
6945	2
6955	1
6965	0
6975	0
6985	2
6995	0
7005	2
7015	1
7025	0
7035	0
7045	2
7055	0
7065	0
7075	1
7085	1
7095	1
7105	0
7115	3
7125	1
7135	1
7145	1
7155	0
7165	0
7175	0
7185	0
7195	2
7205	0
7215	1
7225	0
7235	0
7245	1
7255	0
7265	1
7275	0
7285	2
7295	0
7305	1
7315	2
7325	3
7335	0
7345	0
7355	0
7365	0
7375	0
7385	0
7395	1
7405	1
7415	0
7425	0
7435	0
7445	0
7455	0
7465	0
7475	0
7485	1
7495	0
7505	0
7515	0
7525	0
7535	0
7545	1
7555	0
7565	0
7575	0
7585	0
7595	0
7605	0
7615	0
7625	1
7635	0
7645	0
7655	1
7665	0
7675	0
7685	0
7695	0
7705	0
7715	0
7725	0
7735	0
7745	0
7755	0
7765	0
7775	0
7785	0
7795	0
7805	0
7815	0
7825	0
7835	0
7845	0
7855	0
7865	0
7875	0
7885	0
7895	0
7905	0
7915	0
7925	0
7935	0
7945	0
7955	0
7965	0
7975	0
7985	0
7995	0
8005	0
8015	0
8025	0
8035	0
8045	0
8055	0
8065	0
8075	0
8085	0
8095	0
8105	0
8115	0
8125	0
8135	0
8145	0
8155	0
8165	0
8175	0
8185	0
8195	0
8205	0
8215	0
8225	0
8235	0
8245	0
8255	0
8265	0
8275	0
8285	0
8295	0
8305	0
8315	0
8325	0
8335	0
8345	0
8355	0
8365	0
8375	0
8385	0
8395	0
8405	0
8415	0
8425	0
8435	0
8445	0
8455	0
8465	0
8475	0
8485	0
8495	0
8505	0
8515	0
8525	0
8535	0
8545	0
8555	0
8565	0
8575	0
8585	0
8595	0
8605	0
8615	0
8625	0
8635	0
8645	0
8655	0
8665	0
8675	0
8685	0
8695	1
8705	0
8715	0
8725	0
8735	0
8745	0
8755	0
8765	0
8775	0
8785	0
8795	0
8805	0
8815	0
8825	0
8835	0
8845	0
8855	0
8865	0
8875	0
8885	0
8895	0
8905	0
8915	0
8925	0
8935	0
8945	0
8955	0
8965	0
8975	0
8985	0
8995	0
9005	0
9015	0
9025	0
9035	0
9045	0
9055	0
9065	0
9075	0
9085	0
9095	0
9105	0
9115	0
9125	0
9135	0
9145	0
9155	0
9165	0
9175	0
9185	0
9195	0
9205	0
9215	0
9225	0
9235	0
9245	0
9255	0
9265	0
9275	0
9285	0
9295	0
9305	0
9315	0
9325	0
9335	0
9345	0
9355	0
9365	0
9375	0
9385	0
9395	0
9405	0
9415	0
9425	0
9435	0
9445	0
9455	0
9465	0
9475	0
9485	0
9495	0
9505	0
9515	0
9525	0
9535	0
9545	0
9555	0
9565	0
9575	0
9585	0
9595	0
9605	0
9615	0
9625	0
9635	0
9645	0
9655	0
9665	0
9675	0
9685	0
9695	0
9705	0
9715	0
9725	0
9735	0
9745	0
9755	0
9765	0
9775	0
9785	0
9795	0
9805	0
9815	0
9825	0
9835	0
9845	0
9855	0
9865	0
9875	0
9885	0
9895	0
9905	0
9915	0
9925	0
9935	0
9945	0
9955	0
9965	0
9975	0
9985	0
9995	0
10005	0
10015	0
10025	0
10035	0
10045	0
10055	0
10065	0
10075	0
10085	0
10095	0
10105	0
10115	0
10125	0
10135	0
10145	0
10155	0
10165	0
10175	0
10185	0
10195	0
10205	0
10215	0
10225	0
10235	0
10245	0
10255	0
10265	0
10275	0
10285	0
10295	0
10305	0
10315	0
10325	0
10335	0
10345	0
10355	0
10365	0
10375	0
10385	0
10395	0
10405	0
10415	0
10425	0
10435	0
10445	0
10455	0
10465	0
10475	0
10485	0
10495	0
10505	0
10515	0
10525	0
10535	0
10545	0
10555	0
10565	0
10575	0
10585	0
10595	0
10605	0
10615	0
10625	0
10635	0
10645	0
10655	0
10665	0
10675	0
10685	0
10695	0
10705	0
10715	0
10725	0
10735	0
10745	0
10755	0
10765	0
10775	0
10785	0
10795	0
10805	0
10815	0
10825	0
10835	0
10845	0
10855	0
10865	0
10875	0
10885	0
10895	0
10905	0
10915	0
10925	0
10935	0
10945	0
10955	0
10965	0
10975	0
10985	0
10995	0
11005	0
11015	0
11025	0
11035	0
11045	0
11055	0
11065	0
11075	0
11085	0
11095	0
11105	0
11115	0
11125	0
11135	0
11145	0
11155	0
11165	0
11175	0
11185	0
11195	0
11205	0
11215	0
11225	0
11235	0
11245	0
11255	0
11265	0
11275	0
11285	0
11295	0
11305	0
11315	0
11325	0
11335	0
11345	0
11355	0
11365	0
11375	0
11385	0
11395	0
11405	0
11415	0
11425	0
11435	0
11445	0
11455	0
11465	0
11475	0
11485	0
11495	0
11505	0
11515	0
11525	0
11535	0
11545	0
11555	0
11565	0
11575	0
11585	0
11595	0
11605	0
11615	0
11625	0
11635	0
11645	0
11655	0
11665	0
11675	0
11685	0
11695	0
11705	0
11715	0
11725	0
11735	0
11745	0
11755	0
11765	0
11775	0
11785	0
11795	0
11805	0
11815	0
11825	0
11835	0
11845	0
11855	0
11865	0
11875	0
11885	0
11895	0
11905	0
11915	0
11925	0
11935	0
11945	0
11955	0
11965	0
11975	0
11985	0
11995	0
12005	0
12015	0
12025	0
12035	0
12045	0
12055	0
12065	0
12075	0
12085	0
12095	0
12105	0
12115	0
12125	0
12135	0
12145	0
12155	0
12165	0
12175	0
12185	0
12195	0
12205	0
12215	0
12225	0
12235	0
12245	0
12255	0
12265	0
12275	0
12285	0
12295	0
12305	0
12315	0
12325	0
12335	0
12345	0
12355	0
12365	0
12375	0
12385	0
12395	0
12405	0
12415	0
12425	0
12435	0
12445	0
12455	0
12465	0
12475	0
12485	0
12495	0
12505	0
12515	0
12525	0
12535	0
12545	0
12555	0
12565	0
12575	0
12585	0
12595	0
12605	0
12615	0
12625	0
12635	0
12645	0
12655	0
12665	0
12675	0
12685	0
12695	0
12705	0
12715	0
12725	0
12735	0
12745	0
12755	0
12765	0
12775	0
12785	0
12795	0
12805	0
12815	0
12825	0
12835	0
12845	0
12855	0
12865	0
12875	0
12885	0
12895	0
12905	0
12915	0
12925	0
12935	0
12945	0
12955	0
12965	0
12975	0
12985	0
12995	0
13005	0
13015	0
13025	0
13035	0
13045	0
13055	0
13065	0
13075	0
13085	0
13095	0
13105	0
13115	0
13125	0
13135	0
13145	0
13155	0
13165	0
13175	0
13185	0
13195	0
13205	0
13215	0
13225	0
13235	0
13245	0
13255	0
13265	0
13275	0
13285	0
13295	0
13305	0
13315	0
13325	0
13335	0
13345	0
13355	0
13365	0
13375	0
13385	0
13395	0
13405	0
13415	0
13425	0
13435	0
13445	0
13455	0
13465	0
13475	0
13485	0
13495	0
13505	0
13515	0
13525	0
13535	0
13545	0
13555	0
13565	0
13575	0
13585	0
13595	0
13605	0
13615	0
13625	0
13635	0
13645	0
13655	0
13665	0
13675	0
13685	0
13695	0
13705	0
13715	0
13725	0
13735	0
13745	0
13755	0
13765	0
13775	0
13785	0
13795	0
13805	0
13815	0
13825	0
13835	0
13845	0
13855	0
13865	0
13875	0
13885	0
13895	0
13905	0
13915	0
13925	0
13935	0
13945	0
13955	0
13965	0
13975	0
13985	0
13995	0
14005	0
14015	0
14025	0
14035	0
14045	0
14055	0
14065	0
14075	0
14085	0
14095	0
14105	0
14115	0
14125	0
14135	0
14145	0
14155	0
14165	0
14175	0
14185	0
14195	0
14205	0
14215	0
14225	0
14235	0
14245	0
14255	0
14265	0
14275	0
14285	0
14295	0
14305	0
14315	0
14325	0
14335	0
14345	0
14355	0
14365	0
14375	0
14385	0
14395	0
14405	0
14415	0
14425	0
14435	0
14445	0
14455	0
14465	0
14475	0
14485	0
14495	0
14505	0
14515	0
14525	0
14535	0
14545	0
14555	0
14565	0
14575	0
14585	0
14595	0
14605	0
14615	0
14625	0
14635	0
14645	0
14655	0
14665	0
14675	0
14685	0
14695	0
14705	0
14715	0
14725	0
14735	0
14745	0
14755	0
14765	0
14775	0
14785	0
14795	0
14805	0
14815	0
14825	0
14835	0
14845	0
14855	0
14865	0
14875	0
14885	0
14895	0
14905	0
14915	0
14925	0
14935	0
14945	0
14955	0
14965	0
14975	0
14985	0
14995	0
15005	0
15015	0
15025	0
15035	0
15045	0
15055	0
15065	0
15075	0
15085	0
15095	0
15105	0
15115	0
15125	0
15135	0
15145	0
15155	0
15165	0
15175	0
15185	0
15195	0
15205	0
15215	0
15225	0
15235	0
15245	0
15255	0
15265	0
15275	0
15285	0
15295	0
15305	0
15315	0
15325	0
15335	0
15345	0
15355	0
15365	0
15375	0
15385	0
15395	0
15405	0
15415	0
15425	0
15435	0
15445	0
15455	0
15465	0
15475	0
15485	0
15495	0
15505	0
15515	0
15525	0
15535	0
15545	0
15555	0
15565	0
15575	0
15585	0
15595	0
15605	0
15615	0
15625	0
15635	0
15645	0
15655	0
15665	0
15675	0
15685	0
15695	0
15705	0
15715	0
15725	0
15735	0
15745	0
15755	0
15765	0
15775	0
15785	0
15795	0
15805	0
15815	0
15825	0
15835	0
15845	0
15855	0
15865	0
15875	0
15885	0
15895	0
15905	0
15915	0
15925	0
15935	0
15945	0
15955	0
15965	0
15975	0
15985	0
15995	0
16005	0
16015	0
16025	0
16035	0
16045	0
16055	0
16065	0
16075	0
16085	0
16095	0
16105	0
16115	0
16125	0
16135	0
16145	0
16155	0
16165	0
16175	0
16185	0
16195	0
16205	0
16215	0
16225	0
16235	0
16245	0
16255	0
16265	0
16275	0
16285	0
16295	0
16305	0
16315	0
16325	0
16335	0
16345	0
16355	0
16365	0
16375	0
16385	0
16395	0
16405	0
16415	0
16425	0
16435	0
16445	0
16455	0
16465	0
16475	0
16485	0
16495	0
16505	0
16515	0
16525	0
16535	0
16545	0
16555	0
16565	0
16575	0
16585	0
16595	0
16605	0
16615	0
16625	0
16635	0
16645	0
16655	0
16665	0
16675	0
16685	0
16695	0
16705	0
16715	0
16725	0
16735	0
16745	0
16755	0
16765	0
16775	0
16785	0
16795	0
16805	0
16815	0
16825	0
16835	0
16845	0
16855	0
16865	0
16875	0
16885	0
16895	0
16905	0
16915	0
16925	0
16935	0
16945	0
16955	0
16965	0
16975	0
16985	0
16995	0
17005	0
17015	0
17025	0
17035	0
17045	0
17055	0
17065	0
17075	0
17085	0
17095	0
17105	0
17115	0
17125	0
17135	0
17145	0
17155	0
17165	0
17175	0
17185	0
17195	0
17205	0
17215	0
17225	0
17235	0
17245	0
17255	0
17265	0
17275	0
17285	0
17295	0
17305	0
17315	0
17325	0
17335	0
17345	0
17355	0
17365	0
17375	0
17385	0
17395	0
17405	0
17415	0
17425	0
17435	0
17445	0
17455	0
17465	0
17475	0
17485	0
17495	0
17505	0
17515	0
17525	0
17535	0
17545	0
17555	0
17565	0
17575	0
17585	0
17595	0
17605	0
17615	0
17625	0
17635	0
17645	0
17655	0
17665	0
17675	0
17685	0
17695	0
17705	0
17715	0
17725	0
17735	0
17745	0
17755	0
17765	0
17775	0
17785	0
17795	0
17805	0
17815	0
17825	0
17835	0
17845	0
17855	0
17865	0
17875	0
17885	0
17895	0
17905	0
17915	0
17925	0
17935	0
17945	0
17955	0
17965	0
17975	0
17985	0
17995	0
18005	0
18015	0
18025	0
18035	0
18045	0
18055	0
18065	0
18075	0
18085	0
18095	0
18105	0
18115	0
18125	0
18135	0
18145	0
18155	0
18165	0
18175	0
18185	0
18195	0
18205	0
18215	0
18225	0
18235	0
18245	0
18255	0
18265	0
18275	0
18285	0
18295	0
18305	0
18315	0
18325	0
18335	0
18345	0
18355	0
18365	0
18375	0
18385	0
18395	0
18405	0
18415	0
18425	0
18435	0
18445	0
18455	0
18465	0
18475	0
18485	0
18495	0
18505	0
18515	0
18525	0
18535	0
18545	0
18555	0
18565	0
18575	0
18585	0
18595	0
18605	0
18615	0
18625	0
18635	0
18645	0
18655	0
18665	0
18675	0
18685	0
18695	0
18705	0
18715	0
18725	0
18735	0
18745	0
18755	0
18765	0
18775	0
18785	0
18795	0
18805	0
18815	0
18825	0
18835	0
18845	0
18855	0
18865	0
18875	0
18885	0
18895	0
18905	0
18915	0
18925	0
18935	0
18945	0
18955	0
18965	0
18975	0
18985	0
18995	0
19005	0
19015	0
19025	0
19035	0
19045	0
19055	0
19065	0
19075	0
19085	0
19095	0
19105	0
19115	0
19125	0
19135	0
19145	0
19155	0
19165	0
19175	0
19185	0
19195	0
19205	0
19215	0
19225	0
19235	0
19245	0
19255	0
19265	0
19275	0
19285	0
19295	0
19305	0
19315	0
19325	0
19335	0
19345	0
19355	0
19365	0
19375	0
19385	0
19395	0
19405	0
19415	0
19425	0
19435	0
19445	0
19455	0
19465	0
19475	0
19485	0
19495	0
