ADC Channels - Charge distribution	Counts - Charge distribution
-495	0
-485	0
-475	0
-465	0
-455	0
-445	0
-435	0
-425	0
-415	0
-405	0
-395	0
-385	0
-375	0
-365	0
-355	0
-345	0
-335	0
-325	0
-315	0
-305	0
-295	0
-285	0
-275	0
-265	0
-255	0
-245	0
-235	0
-225	0
-215	0
-205	0
-195	0
-185	0
-175	0
-165	0
-155	0
-145	0
-135	0
-125	0
-115	0
-105	0
-95	0
-85	0
-75	0
-65	0
-55	0
-45	0
-35	0
-25	0
-15	0
-5	0
5	0
15	0
25	0
35	0
45	0
55	0
65	0
75	0
85	0
95	0
105	0
115	0
125	0
135	0
145	0
155	0
165	0
175	0
185	0
195	0
205	0
215	0
225	0
235	0
245	0
255	0
265	0
275	0
285	0
295	0
305	0
315	0
325	0
335	0
345	0
355	0
365	0
375	0
385	0
395	0
405	0
415	0
425	0
435	0
445	1
455	0
465	1
475	2
485	0
495	1
505	1
515	3
525	4
535	7
545	4
555	12
565	6
575	7
585	14
595	7
605	19
615	14
625	21
635	33
645	33
655	40
665	46
675	48
685	59
695	63
705	60
715	72
725	73
735	101
745	99
755	107
765	110
775	112
785	106
795	125
805	163
815	170
825	185
835	177
845	186
855	172
865	210
875	191
885	234
895	224
905	243
915	232
925	268
935	240
945	274
955	264
965	291
975	302
985	292
995	314
1005	306
1015	316
1025	318
1035	353
1045	353
1055	321
1065	370
1075	308
1085	319
1095	331
1105	329
1115	327
1125	339
1135	308
1145	353
1155	335
1165	330
1175	296
1185	314
1195	294
1205	326
1215	301
1225	326
1235	310
1245	292
1255	317
1265	309
1275	283
1285	321
1295	279
1305	284
1315	284
1325	282
1335	313
1345	270
1355	316
1365	268
1375	331
1385	284
1395	280
1405	297
1415	250
1425	285
1435	289
1445	297
1455	279
1465	283
1475	298
1485	291
1495	266
1505	270
1515	272
1525	284
1535	288
1545	255
1555	267
1565	290
1575	248
1585	281
1595	244
1605	268
1615	235
1625	251
1635	279
1645	243
1655	253
1665	262
1675	256
1685	273
1695	255
1705	258
1715	237
1725	257
1735	239
1745	206
1755	273
1765	241
1775	277
1785	241
1795	236
1805	241
1815	255
1825	250
1835	242
1845	254
1855	254
1865	233
1875	243
1885	250
1895	239
1905	240
1915	240
1925	246
1935	214
1945	231
1955	261
1965	254
1975	255
1985	213
1995	241
2005	222
2015	259
2025	231
2035	239
2045	232
2055	227
2065	219
2075	245
2085	199
2095	249
2105	224
2115	238
2125	242
2135	266
2145	225
2155	234
2165	214
2175	231
2185	253
2195	212
2205	213
2215	223
2225	248
2235	234
2245	242
2255	226
2265	220
2275	220
2285	239
2295	232
2305	229
2315	204
2325	194
2335	225
2345	232
2355	195
2365	229
2375	200
2385	200
2395	206
2405	205
2415	240
2425	219
2435	196
2445	216
2455	197
2465	204
2475	189
2485	197
2495	193
2505	189
2515	178
2525	179
2535	161
2545	171
2555	188
2565	190
2575	188
2585	180
2595	184
2605	177
2615	156
2625	165
2635	154
2645	162
2655	142
2665	154
2675	150
2685	140
2695	131
2705	145
2715	121
2725	103
2735	114
2745	115
2755	126
2765	96
2775	84
2785	62
2795	90
2805	84
2815	88
2825	74
2835	84
2845	79
2855	98
2865	63
2875	63
2885	53
2895	69
2905	68
2915	62
2925	47
2935	59
2945	51
2955	46
2965	56
2975	60
2985	69
2995	67
3005	57
3015	63
3025	65
3035	74
3045	67
3055	47
3065	77
3075	74
3085	81
3095	98
3105	94
3115	110
3125	90
3135	99
3145	139
3155	134
3165	120
3175	124
3185	132
3195	138
3205	163
3215	160
3225	179
3235	162
3245	153
3255	165
3265	194
3275	176
3285	193
3295	210
3305	208
3315	206
3325	244
3335	260
3345	254
3355	263
3365	245
3375	284
3385	289
3395	280
3405	319
3415	336
3425	362
3435	375
3445	394
3455	385
3465	429
3475	478
3485	512
3495	558
3505	493
3515	591
3525	575
3535	623
3545	709
3555	702
3565	769
3575	728
3585	739
3595	830
3605	837
3615	898
3625	881
3635	946
3645	895
3655	899
3665	883
3675	977
3685	1005
3695	992
3705	1026
3715	938
3725	999
3735	1006
3745	975
3755	1005
3765	981
3775	1011
3785	910
3795	914
3805	925
3815	818
3825	851
3835	801
3845	805
3855	749
3865	715
3875	661
3885	636
3895	609
3905	601
3915	515
3925	516
3935	515
3945	457
3955	428
3965	374
3975	369
3985	370
3995	292
4005	288
4015	283
4025	234
4035	236
4045	191
4055	212
4065	156
4075	134
4085	117
4095	113
4105	101
4115	84
4125	75
4135	69
4145	64
4155	61
4165	56
4175	43
4185	29
4195	38
4205	31
4215	20
4225	27
4235	21
4245	21
4255	17
4265	20
4275	16
4285	7
4295	12
4305	7
4315	12
4325	11
4335	9
4345	5
4355	4
4365	2
4375	3
4385	5
4395	6
4405	4
4415	8
4425	6
4435	3
4445	2
4455	4
4465	4
4475	3
4485	3
4495	7
4505	1
4515	4
4525	2
4535	4
4545	5
4555	3
4565	1
4575	1
4585	4
4595	2
4605	4
4615	2
4625	2
4635	4
4645	2
4655	2
4665	2
4675	2
4685	2
4695	2
4705	2
4715	4
4725	1
4735	5
4745	1
4755	2
4765	1
4775	0
4785	2
4795	1
4805	1
4815	2
4825	5
4835	3
4845	2
4855	1
4865	2
4875	2
4885	2
4895	3
4905	5
4915	1
4925	1
4935	4
4945	2
4955	1
4965	1
4975	4
4985	1
4995	0
5005	0
5015	2
5025	4
5035	2
5045	1
5055	3
5065	1
5075	5
5085	3
5095	1
5105	1
5115	1
5125	1
5135	4
5145	3
5155	4
5165	3
5175	2
5185	1
5195	4
5205	0
5215	1
5225	0
5235	0
5245	1
5255	4
5265	3
5275	0
5285	1
5295	0
5305	1
5315	3
5325	1
5335	1
5345	6
5355	1
5365	4
5375	3
5385	1
5395	1
5405	0
5415	1
5425	1
5435	3
5445	3
5455	6
5465	0
5475	2
5485	1
5495	1
5505	1
5515	1
5525	2
5535	3
5545	1
5555	3
5565	1
5575	1
5585	1
5595	0
5605	2
5615	3
5625	2
5635	1
5645	1
5655	2
5665	2
5675	2
5685	1
5695	0
5705	1
5715	1
5725	2
5735	2
5745	1
5755	1
5765	0
5775	0
5785	0
5795	1
5805	1
5815	3
5825	1
5835	1
5845	0
5855	1
5865	0
5875	1
5885	0
5895	1
5905	1
5915	2
5925	2
5935	0
5945	0
5955	3
5965	1
5975	1
5985	2
5995	2
6005	1
6015	0
6025	1
6035	1
6045	0
6055	0
6065	3
6075	0
6085	0
6095	1
6105	2
6115	1
6125	0
6135	2
6145	2
6155	2
6165	1
6175	1
6185	0
6195	1
6205	0
6215	0
6225	1
6235	2
6245	1
6255	2
6265	0
6275	1
6285	0
6295	0
6305	2
6315	1
6325	2
6335	1
6345	0
6355	1
6365	1
6375	1
6385	2
6395	2
6405	0
6415	1
6425	0
6435	4
6445	2
6455	3
6465	2
6475	1
6485	1
6495	1
6505	0
6515	1
6525	0
6535	0
6545	0
6555	1
6565	0
6575	1
6585	3
6595	2
6605	0
6615	2
6625	3
6635	1
6645	0
6655	1
6665	2
6675	0
6685	0
6695	0
6705	1
6715	1
6725	0
6735	3
6745	1
6755	1
6765	1
6775	1
6785	1
6795	1
6805	2
6815	0
6825	0
6835	1
6845	2
6855	1
6865	3
6875	1
6885	1
6895	1
6905	2
6915	1
6925	2
6935	0
6945	0
6955	1
6965	3
6975	0
6985	1
6995	1
7005	2
7015	3
7025	0
7035	0
7045	2
7055	0
7065	0
7075	0
7085	0
7095	4
7105	0
7115	1
7125	0
7135	1
7145	0
7155	0
7165	0
7175	4
7185	0
7195	0
7205	0
7215	0
7225	0
7235	1
7245	2
7255	1
7265	1
7275	1
7285	0
7295	2
7305	1
7315	0
7325	0
7335	0
7345	0
7355	2
7365	1
7375	1
7385	0
7395	1
7405	1
7415	0
7425	0
7435	0
7445	0
7455	0
7465	2
7475	0
7485	0
7495	0
7505	0
7515	0
7525	0
7535	0
7545	0
7555	0
7565	0
7575	0
7585	0
7595	0
7605	0
7615	1
7625	0
7635	1
7645	0
7655	1
7665	0
7675	0
7685	0
7695	1
7705	0
7715	0
7725	0
7735	1
7745	0
7755	0
7765	0
7775	0
7785	0
7795	0
7805	0
7815	0
7825	0
7835	0
7845	0
7855	0
7865	0
7875	0
7885	0
7895	0
7905	0
7915	0
7925	0
7935	0
7945	0
7955	0
7965	0
7975	0
7985	0
7995	0
8005	0
8015	0
8025	0
8035	0
8045	0
8055	0
8065	0
8075	0
8085	0
8095	0
8105	0
8115	0
8125	0
8135	0
8145	0
8155	0
8165	0
8175	0
8185	0
8195	0
8205	0
8215	0
8225	0
8235	0
8245	0
8255	0
8265	0
8275	0
8285	0
8295	0
8305	0
8315	0
8325	0
8335	0
8345	0
8355	0
8365	0
8375	0
8385	0
8395	0
8405	0
8415	0
8425	0
8435	0
8445	0
8455	0
8465	0
8475	0
8485	0
8495	0
8505	0
8515	0
8525	0
8535	0
8545	0
8555	0
8565	0
8575	0
8585	0
8595	0
8605	1
8615	0
8625	0
8635	0
8645	0
8655	1
8665	0
8675	0
8685	0
8695	0
8705	0
8715	0
8725	0
8735	0
8745	0
8755	1
8765	0
8775	0
8785	0
8795	0
8805	0
8815	0
8825	0
8835	0
8845	0
8855	0
8865	0
8875	0
8885	0
8895	0
8905	0
8915	0
8925	0
8935	0
8945	0
8955	0
8965	0
8975	0
8985	0
8995	0
9005	0
9015	0
9025	0
9035	0
9045	0
9055	0
9065	0
9075	0
9085	1
9095	0
9105	0
9115	0
9125	0
9135	0
9145	0
9155	0
9165	0
9175	0
9185	0
9195	0
9205	0
9215	0
9225	0
9235	0
9245	0
9255	0
9265	0
9275	0
9285	0
9295	0
9305	0
9315	0
9325	0
9335	0
9345	0
9355	0
9365	0
9375	1
9385	0
9395	0
9405	0
9415	0
9425	0
9435	0
9445	0
9455	0
9465	0
9475	0
9485	0
9495	0
9505	0
9515	0
9525	0
9535	0
9545	0
9555	0
9565	0
9575	0
9585	0
9595	0
9605	0
9615	0
9625	0
9635	0
9645	0
9655	0
9665	0
9675	0
9685	0
9695	0
9705	0
9715	0
9725	0
9735	0
9745	0
9755	0
9765	0
9775	0
9785	0
9795	0
9805	0
9815	0
9825	0
9835	0
9845	0
9855	0
9865	0
9875	0
9885	0
9895	0
9905	0
9915	0
9925	0
9935	0
9945	0
9955	0
9965	0
9975	0
9985	0
9995	0
10005	0
10015	0
10025	0
10035	0
10045	0
10055	0
10065	0
10075	0
10085	0
10095	0
10105	0
10115	0
10125	0
10135	0
10145	0
10155	0
10165	1
10175	0
10185	0
10195	0
10205	0
10215	0
10225	0
10235	0
10245	0
10255	0
10265	0
10275	0
10285	0
10295	0
10305	0
10315	0
10325	0
10335	0
10345	0
10355	0
10365	0
10375	0
10385	0
10395	0
10405	0
10415	0
10425	0
10435	0
10445	0
10455	0
10465	0
10475	0
10485	0
10495	0
10505	0
10515	0
10525	0
10535	0
10545	0
10555	0
10565	0
10575	0
10585	0
10595	0
10605	0
10615	0
10625	0
10635	0
10645	0
10655	0
10665	0
10675	0
10685	0
10695	0
10705	0
10715	0
10725	0
10735	0
10745	0
10755	0
10765	0
10775	0
10785	0
10795	0
10805	0
10815	0
10825	0
10835	0
10845	0
10855	0
10865	0
10875	0
10885	0
10895	0
10905	0
10915	0
10925	0
10935	0
10945	0
10955	0
10965	0
10975	0
10985	0
10995	0
11005	0
11015	0
11025	0
11035	0
11045	0
11055	0
11065	0
11075	0
11085	0
11095	0
11105	0
11115	0
11125	0
11135	0
11145	0
11155	0
11165	0
11175	0
11185	0
11195	0
11205	0
11215	0
11225	0
11235	0
11245	0
11255	0
11265	0
11275	0
11285	0
11295	0
11305	0
11315	0
11325	0
11335	0
11345	0
11355	0
11365	0
11375	0
11385	0
11395	0
11405	0
11415	0
11425	0
11435	0
11445	0
11455	0
11465	0
11475	0
11485	0
11495	0
11505	0
11515	0
11525	0
11535	0
11545	0
11555	0
11565	0
11575	0
11585	0
11595	0
11605	0
11615	0
11625	0
11635	0
11645	0
11655	0
11665	0
11675	0
11685	0
11695	0
11705	0
11715	0
11725	0
11735	0
11745	0
11755	0
11765	0
11775	0
11785	0
11795	0
11805	0
11815	0
11825	0
11835	0
11845	0
11855	0
11865	0
11875	0
11885	0
11895	0
11905	0
11915	0
11925	0
11935	0
11945	0
11955	0
11965	0
11975	0
11985	0
11995	0
12005	0
12015	0
12025	0
12035	0
12045	0
12055	0
12065	0
12075	0
12085	0
12095	0
12105	0
12115	0
12125	0
12135	0
12145	0
12155	0
12165	0
12175	0
12185	0
12195	0
12205	0
12215	0
12225	0
12235	0
12245	0
12255	0
12265	0
12275	0
12285	0
12295	0
12305	0
12315	0
12325	0
12335	0
12345	0
12355	0
12365	0
12375	0
12385	0
12395	0
12405	0
12415	0
12425	0
12435	0
12445	0
12455	0
12465	0
12475	0
12485	0
12495	0
12505	0
12515	0
12525	0
12535	0
12545	0
12555	0
12565	0
12575	0
12585	0
12595	0
12605	0
12615	0
12625	0
12635	0
12645	0
12655	0
12665	0
12675	0
12685	0
12695	0
12705	0
12715	0
12725	0
12735	0
12745	0
12755	0
12765	0
12775	0
12785	0
12795	0
12805	0
12815	0
12825	0
12835	0
12845	0
12855	0
12865	0
12875	0
12885	0
12895	0
12905	0
12915	0
12925	0
12935	0
12945	0
12955	0
12965	0
12975	0
12985	0
12995	0
13005	0
13015	0
13025	0
13035	0
13045	0
13055	0
13065	0
13075	0
13085	0
13095	0
13105	0
13115	0
13125	0
13135	0
13145	0
13155	0
13165	0
13175	0
13185	0
13195	0
13205	0
13215	0
13225	0
13235	0
13245	0
13255	0
13265	0
13275	0
13285	0
13295	0
13305	0
13315	0
13325	0
13335	0
13345	0
13355	0
13365	0
13375	0
13385	0
13395	0
13405	0
13415	0
13425	0
13435	0
13445	0
13455	0
13465	0
13475	0
13485	0
13495	0
13505	0
13515	0
13525	0
13535	0
13545	0
13555	0
13565	0
13575	0
13585	0
13595	0
13605	0
13615	0
13625	0
13635	0
13645	0
13655	0
13665	0
13675	0
13685	0
13695	0
13705	0
13715	0
13725	0
13735	0
13745	0
13755	0
13765	0
13775	0
13785	0
13795	0
13805	0
13815	0
13825	0
13835	0
13845	0
13855	0
13865	0
13875	0
13885	0
13895	0
13905	0
13915	0
13925	0
13935	0
13945	0
13955	0
13965	0
13975	0
13985	0
13995	0
14005	0
14015	0
14025	0
14035	0
14045	0
14055	0
14065	0
14075	0
14085	0
14095	0
14105	0
14115	0
14125	0
14135	0
14145	0
14155	0
14165	0
14175	0
14185	0
14195	0
14205	0
14215	0
14225	0
14235	0
14245	0
14255	0
14265	0
14275	0
14285	0
14295	0
14305	0
14315	0
14325	0
14335	0
14345	0
14355	0
14365	0
14375	0
14385	0
14395	0
14405	0
14415	0
14425	0
14435	0
14445	0
14455	0
14465	0
14475	0
14485	0
14495	0
14505	0
14515	0
14525	0
14535	0
14545	0
14555	0
14565	0
14575	0
14585	0
14595	0
14605	0
14615	0
14625	0
14635	0
14645	0
14655	0
14665	0
14675	0
14685	0
14695	0
14705	0
14715	0
14725	0
14735	0
14745	0
14755	0
14765	0
14775	0
14785	0
14795	0
14805	0
14815	0
14825	0
14835	0
14845	0
14855	0
14865	0
14875	0
14885	0
14895	0
14905	0
14915	0
14925	0
14935	0
14945	0
14955	0
14965	0
14975	0
14985	0
14995	0
15005	0
15015	0
15025	0
15035	0
15045	0
15055	0
15065	0
15075	0
15085	0
15095	0
15105	0
15115	0
15125	0
15135	0
15145	0
15155	0
15165	0
15175	0
15185	0
15195	0
15205	0
15215	0
15225	0
15235	0
15245	0
15255	0
15265	0
15275	0
15285	0
15295	0
15305	0
15315	0
15325	0
15335	0
15345	0
15355	0
15365	0
15375	0
15385	0
15395	0
15405	0
15415	0
15425	0
15435	0
15445	0
15455	0
15465	0
15475	0
15485	0
15495	0
15505	0
15515	0
15525	0
15535	0
15545	0
15555	0
15565	0
15575	0
15585	0
15595	0
15605	0
15615	0
15625	0
15635	0
15645	0
15655	0
15665	0
15675	0
15685	0
15695	0
15705	0
15715	0
15725	0
15735	0
15745	0
15755	0
15765	0
15775	0
15785	0
15795	0
15805	0
15815	0
15825	0
15835	0
15845	0
15855	0
15865	0
15875	0
15885	0
15895	0
15905	0
15915	0
15925	0
15935	0
15945	0
15955	0
15965	0
15975	0
15985	0
15995	0
16005	0
16015	0
16025	0
16035	0
16045	0
16055	0
16065	0
16075	0
16085	0
16095	0
16105	0
16115	0
16125	0
16135	0
16145	0
16155	0
16165	0
16175	0
16185	0
16195	0
16205	0
16215	0
16225	0
16235	0
16245	0
16255	0
16265	0
16275	0
16285	0
16295	0
16305	0
16315	0
16325	0
16335	0
16345	0
16355	0
16365	0
16375	0
16385	0
16395	0
16405	0
16415	0
16425	0
16435	0
16445	0
16455	0
16465	0
16475	0
16485	0
16495	0
16505	0
16515	0
16525	0
16535	0
16545	0
16555	0
16565	0
16575	0
16585	0
16595	0
16605	0
16615	0
16625	0
16635	0
16645	0
16655	0
16665	0
16675	0
16685	0
16695	0
16705	0
16715	0
16725	0
16735	0
16745	0
16755	0
16765	0
16775	0
16785	0
16795	0
16805	0
16815	0
16825	0
16835	0
16845	0
16855	0
16865	0
16875	0
16885	0
16895	0
16905	0
16915	0
16925	0
16935	0
16945	0
16955	0
16965	0
16975	0
16985	0
16995	0
17005	0
17015	0
17025	0
17035	0
17045	0
17055	0
17065	0
17075	0
17085	0
17095	0
17105	0
17115	0
17125	0
17135	0
17145	0
17155	0
17165	0
17175	0
17185	0
17195	0
17205	0
17215	0
17225	0
17235	0
17245	0
17255	0
17265	0
17275	0
17285	0
17295	0
17305	0
17315	0
17325	0
17335	0
17345	0
17355	0
17365	0
17375	0
17385	0
17395	0
17405	0
17415	0
17425	0
17435	0
17445	0
17455	0
17465	0
17475	0
17485	0
17495	0
17505	0
17515	0
17525	0
17535	0
17545	0
17555	0
17565	0
17575	0
17585	0
17595	0
17605	0
17615	0
17625	0
17635	0
17645	0
17655	0
17665	0
17675	0
17685	0
17695	0
17705	0
17715	0
17725	0
17735	0
17745	0
17755	0
17765	0
17775	0
17785	0
17795	0
17805	0
17815	0
17825	0
17835	0
17845	0
17855	0
17865	0
17875	0
17885	0
17895	0
17905	0
17915	0
17925	0
17935	0
17945	0
17955	0
17965	0
17975	0
17985	0
17995	0
18005	0
18015	0
18025	0
18035	0
18045	0
18055	0
18065	0
18075	0
18085	0
18095	0
18105	0
18115	0
18125	0
18135	0
18145	0
18155	0
18165	0
18175	0
18185	0
18195	0
18205	0
18215	0
18225	0
18235	0
18245	0
18255	0
18265	0
18275	0
18285	0
18295	0
18305	0
18315	0
18325	0
18335	0
18345	0
18355	0
18365	0
18375	0
18385	0
18395	0
18405	0
18415	0
18425	0
18435	0
18445	0
18455	0
18465	0
18475	0
18485	0
18495	0
18505	0
18515	0
18525	0
18535	0
18545	0
18555	0
18565	0
18575	0
18585	0
18595	0
18605	0
18615	0
18625	0
18635	0
18645	0
18655	0
18665	0
18675	0
18685	0
18695	0
18705	0
18715	0
18725	0
18735	0
18745	0
18755	0
18765	0
18775	0
18785	0
18795	0
18805	0
18815	0
18825	0
18835	0
18845	0
18855	0
18865	0
18875	0
18885	0
18895	0
18905	0
18915	0
18925	0
18935	0
18945	0
18955	0
18965	0
18975	0
18985	0
18995	0
19005	0
19015	0
19025	0
19035	0
19045	0
19055	0
19065	0
19075	0
19085	0
19095	0
19105	0
19115	0
19125	0
19135	0
19145	0
19155	0
19165	0
19175	0
19185	0
19195	0
19205	0
19215	0
19225	0
19235	0
19245	0
19255	0
19265	0
19275	0
19285	0
19295	0
19305	0
19315	0
19325	0
19335	0
19345	0
19355	0
19365	0
19375	0
19385	0
19395	0
19405	0
19415	0
19425	0
19435	0
19445	0
19455	0
19465	0
19475	0
19485	0
19495	0
